(Base 2012=100)
Year,Month,State,Group,Sub Group,Description,Rural,Urban,Combined,Status,
2022,January,Andaman and Nicobar Islands,,,General Index (All Groups),8.32,6.26,7.36,F,
2022,January,Andhra Pradesh,,,General Index (All Groups),4.69,5.78,5.12,F,
2022,January,Arunachal Pradesh,,,General Index (All Groups),6.35,,,F,
2022,January,Assam,,,General Index (All Groups),5.81,3.86,5.43,F,
2022,January,Bihar,,,General Index (All Groups),5.60,6.21,5.71,F,
2022,January,Chandigarh,,,General Index (All Groups),7.46,5.90,6.02,F,
2022,January,Chhattisgarh,,,General Index (All Groups),5.59,5.86,5.68,F,
2022,January,Dadra and Nagar Haveli,,,General Index (All Groups),9.68,7.88,8.44,F,
2022,January,Daman and Diu,,,General Index (All Groups),6.53,5.79,6.24,F,
2022,January,Delhi,,,General Index (All Groups),4.72,6.21,6.14,F,
2022,January,Goa,,,General Index (All Groups),5.35,3.18,4.06,F,
2022,January,Gujarat,,,General Index (All Groups),6.57,5.49,5.95,F,
2022,January,Haryana,,,General Index (All Groups),8.23,6.03,7.23,F,
2022,January,Himachal Pradesh,,,General Index (All Groups),6.89,6.16,6.72,F,
2022,January,Jammu and Kashmir,,,General Index (All Groups),6.97,6.28,6.74,F,
2022,January,Jharkhand,,,General Index (All Groups),6.04,6.51,6.19,F,
2022,January,Karnataka,,,General Index (All Groups),5.45,6.81,6.20,F,
2022,January,Kerala,,,General Index (All Groups),3.84,5.36,4.36,F,
2022,January,Lakshadweep,,,General Index (All Groups),2.08,-0.06,1.03,F,
2022,January,Madhya Pradesh,,,General Index (All Groups),6.99,5.77,6.46,F,
2022,January,Maharashtra,,,General Index (All Groups),6.62,6.42,6.47,F,
2022,January,Manipur,,,General Index (All Groups),1.77,-1.15,0.84,F,
2022,January,Meghalaya,,,General Index (All Groups),2.19,4.97,3.03,F,
2022,January,Mizoram,,,General Index (All Groups),6.30,6.42,6.39,F,
2022,January,Nagaland,,,General Index (All Groups),4.72,3.41,4.13,F,
2022,January,Odisha,,,General Index (All Groups),4.50,4.79,4.54,F,
2022,January,Puducherry,,,General Index (All Groups),4.91,4.72,4.77,F,
2022,January,Punjab,,,General Index (All Groups),4.47,3.52,4.09,F,
2022,January,Rajasthan,,,General Index (All Groups),5.73,5.46,5.66,F,
2022,January,Sikkim,,,General Index (All Groups),8.12,6.68,7.68,F,
2022,January,Tamil Nadu,,,General Index (All Groups),5.69,5.43,5.56,F,
2022,January,Telangana,,,General Index (All Groups),6.75,6.75,6.72,F,
2022,January,Tripura,,,General Index (All Groups),4.06,4.21,4.13,F,
2022,January,Uttar Pradesh,,,General Index (All Groups),7.23,5.84,6.71,F,
2022,January,Uttarakhand,,,General Index (All Groups),5.71,7.62,6.38,F,
2022,January,West Bengal,,,General Index (All Groups),7.62,6.54,7.11,F,
2022,February,Andaman and Nicobar Islands,,,General Index (All Groups),6.86,6.07,6.49,F,
2022,February,Andhra Pradesh,,,General Index (All Groups),4.30,5.89,4.92,F,
2022,February,Arunachal Pradesh,,,General Index (All Groups),6.62,,,F,
2022,February,Assam,,,General Index (All Groups),7.12,4.63,6.59,F,
2022,February,Bihar,,,General Index (All Groups),5.81,5.86,5.85,F,
2022,February,Chandigarh,,,General Index (All Groups),7.40,5.58,5.70,F,
2022,February,Chhattisgarh,,,General Index (All Groups),6.60,5.66,6.22,F,
2022,February,Dadra and Nagar Haveli,,,General Index (All Groups),8.22,7.48,7.74,F,
2022,February,Daman and Diu,,,General Index (All Groups),5.86,6.00,5.95,F,
2022,February,Delhi,,,General Index (All Groups),4.58,5.77,5.70,F,
2022,February,Goa,,,General Index (All Groups),6.68,3.44,4.70,F,
2022,February,Gujarat,,,General Index (All Groups),7.04,5.84,6.43,F,
2022,February,Haryana,,,General Index (All Groups),7.85,6.21,7.06,F,
2022,February,Himachal Pradesh,,,General Index (All Groups),6.51,6.12,6.47,F,
2022,February,Jammu and Kashmir,,,General Index (All Groups),7.19,6.78,7.01,F,
2022,February,Jharkhand,,,General Index (All Groups),7.20,6.62,6.99,F,
2022,February,Karnataka,,,General Index (All Groups),4.62,5.85,5.24,F,
2022,February,Kerala,,,General Index (All Groups),3.48,4.95,3.98,F,
2022,February,Lakshadweep,,,General Index (All Groups),3.39,1.11,2.29,F,
2022,February,Madhya Pradesh,,,General Index (All Groups),7.51,5.93,6.89,F,
2022,February,Maharashtra,,,General Index (All Groups),6.95,6.81,6.85,F,
2022,February,Manipur,,,General Index (All Groups),1.89,-0.06,1.30,F,
2022,February,Meghalaya,,,General Index (All Groups),1.93,4.59,2.77,F,
2022,February,Mizoram,,,General Index (All Groups),8.05,7.18,7.57,F,
2022,February,Nagaland,,,General Index (All Groups),5.42,4.00,4.86,F,
2022,February,Odisha,,,General Index (All Groups),5.68,4.96,5.52,F,
2022,February,Puducherry,,,General Index (All Groups),2.80,5.00,4.43,F,
2022,February,Punjab,,,General Index (All Groups),4.70,3.02,4.00,F,
2022,February,Rajasthan,,,General Index (All Groups),6.37,6.04,6.23,F,
2022,February,Sikkim,,,General Index (All Groups),8.66,7.58,8.27,F,
2022,February,Tamil Nadu,,,General Index (All Groups),4.43,4.12,4.24,F,
2022,February,Telangana,,,General Index (All Groups),7.47,6.19,6.78,F,
2022,February,Tripura,,,General Index (All Groups),4.09,4.09,4.09,F,
2022,February,Uttar Pradesh,,,General Index (All Groups),7.97,5.29,7.03,F,
2022,February,Uttarakhand,,,General Index (All Groups),6.56,6.49,6.56,F,
2022,February,West Bengal,,,General Index (All Groups),8.60,7.29,7.98,F,
2022,March,Andaman and Nicobar Islands,,,General Index (All Groups),5.45,7.17,6.27,F,
2022,March,Andhra Pradesh,,,General Index (All Groups),6.20,6.46,6.28,F,
2022,March,Arunachal Pradesh,,,General Index (All Groups),7.52,,,F,
2022,March,Assam,,,General Index (All Groups),8.85,5.53,8.19,F,
2022,March,Bihar,,,General Index (All Groups),7.67,7.12,7.56,F,
2022,March,Chandigarh,,,General Index (All Groups),5.97,5.63,5.61,F,
2022,March,Chhattisgarh,,,General Index (All Groups),7.67,5.57,6.88,F,
2022,March,Dadra and Nagar Haveli,,,General Index (All Groups),7.27,7.58,7.51,F,
2022,March,Daman and Diu,,,General Index (All Groups),6.02,6.89,6.36,F,
2022,March,Delhi,,,General Index (All Groups),4.55,5.82,5.75,F,
2022,March,Goa,,,General Index (All Groups),5.44,3.04,3.97,F,
2022,March,Gujarat,,,General Index (All Groups),7.80,6.37,7.01,F,
2022,March,Haryana,,,General Index (All Groups),8.41,6.39,7.43,F,
2022,March,Himachal Pradesh,,,General Index (All Groups),6.29,6.62,6.32,F,
2022,March,Jammu and Kashmir,,,General Index (All Groups),7.76,6.95,7.47,F,
2022,March,Jharkhand,,,General Index (All Groups),7.84,6.83,7.49,F,
2022,March,Karnataka,,,General Index (All Groups),5.11,6.00,5.59,F,
2022,March,Kerala,,,General Index (All Groups),4.31,5.31,4.70,F,
2022,March,Lakshadweep,,,General Index (All Groups),5.05,2.13,3.59,F,
2022,March,Madhya Pradesh,,,General Index (All Groups),8.78,6.67,7.89,F,
2022,March,Maharashtra,,,General Index (All Groups),8.33,7.18,7.62,F,
2022,March,Manipur,,,General Index (All Groups),1.42,0.12,1.07,F,
2022,March,Meghalaya,,,General Index (All Groups),3.92,5.11,4.30,F,
2022,March,Mizoram,,,General Index (All Groups),8.09,6.28,7.01,F,
2022,March,Nagaland,,,General Index (All Groups),6.02,3.80,5.14,F,
2022,March,Odisha,,,General Index (All Groups),7.42,5.03,6.76,F,
2022,March,Puducherry,,,General Index (All Groups),4.15,5.13,4.93,F,
2022,March,Punjab,,,General Index (All Groups),5.29,3.27,4.39,F,
2022,March,Rajasthan,,,General Index (All Groups),8.08,6.80,7.61,F,
2022,March,Sikkim,,,General Index (All Groups),6.88,7.04,6.97,F,
2022,March,Tamil Nadu,,,General Index (All Groups),4.62,4.24,4.36,F,
2022,March,Telangana,,,General Index (All Groups),9.40,6.21,7.66,F,
2022,March,Tripura,,,General Index (All Groups),5.11,4.40,4.94,F,
2022,March,Uttar Pradesh,,,General Index (All Groups),9.54,5.78,8.19,F,
2022,March,Uttarakhand,,,General Index (All Groups),6.86,6.33,6.66,F,
2022,March,West Bengal,,,General Index (All Groups),10.43,7.10,8.85,F,
2022,April,Andaman and Nicobar Islands,,,General Index (All Groups),7.87,9.10,8.43,F,
2022,April,Andhra Pradesh,,,General Index (All Groups),7.47,7.22,7.36,F,
2022,April,Arunachal Pradesh,,,General Index (All Groups),9.23,,,F,
2022,April,Assam,,,General Index (All Groups),9.19,6.09,8.54,F,
2022,April,Bihar,,,General Index (All Groups),7.54,7.62,7.56,F,
2022,April,Chandigarh,,,General Index (All Groups),8.03,7.32,7.37,F,
2022,April,Chhattisgarh,,,General Index (All Groups),8.55,5.36,7.31,F,
2022,April,Dadra and Nagar Haveli,,,General Index (All Groups),8.19,8.24,8.25,F,
2022,April,Daman and Diu,,,General Index (All Groups),6.35,7.52,6.86,F,
2022,April,Delhi,,,General Index (All Groups),5.37,6.65,6.58,F,
2022,April,Goa,,,General Index (All Groups),5.76,2.96,4.07,F,
2022,April,Gujarat,,,General Index (All Groups),8.77,7.78,8.20,F,
2022,April,Haryana,,,General Index (All Groups),10.25,7.58,8.95,F,
2022,April,Himachal Pradesh,,,General Index (All Groups),6.37,7.18,6.54,F,
2022,April,Jammu and Kashmir,,,General Index (All Groups),8.47,7.29,8.03,F,
2022,April,Jharkhand,,,General Index (All Groups),8.06,7.22,7.73,F,
2022,April,Karnataka,,,General Index (All Groups),5.94,6.72,6.39,F,
2022,April,Kerala,,,General Index (All Groups),4.82,5.61,5.08,F,
2022,April,Lakshadweep,,,General Index (All Groups),7.77,2.87,5.31,F,
2022,April,Madhya Pradesh,,,General Index (All Groups),10.12,7.74,9.10,F,
2022,April,Maharashtra,,,General Index (All Groups),9.72,8.23,8.72,F,
2022,April,Manipur,,,General Index (All Groups),2.39,2.14,2.34,F,
2022,April,Meghalaya,,,General Index (All Groups),4.64,5.02,4.75,F,
2022,April,Mizoram,,,General Index (All Groups),7.87,6.73,7.15,F,
2022,April,Nagaland,,,General Index (All Groups),7.05,4.87,6.11,F,
2022,April,Odisha,,,General Index (All Groups),8.80,6.11,8.08,F,
2022,April,Puducherry,,,General Index (All Groups),5.58,5.94,5.86,F,
2022,April,Punjab,,,General Index (All Groups),8.29,5.98,7.31,F,
2022,April,Rajasthan,,,General Index (All Groups),8.59,7.24,8.12,F,
2022,April,Sikkim,,,General Index (All Groups),7.56,8.92,7.93,F,
2022,April,Tamil Nadu,,,General Index (All Groups),5.64,5.17,5.37,F,
2022,April,Telangana,,,General Index (All Groups),10.26,7.92,9.02,F,
2022,April,Tripura,,,General Index (All Groups),5.06,4.98,4.99,F,
2022,April,Uttar Pradesh,,,General Index (All Groups),9.53,6.71,8.52,F,
2022,April,Uttarakhand,,,General Index (All Groups),7.06,6.22,6.77,F,
2022,April,West Bengal,,,General Index (All Groups),10.53,7.62,9.12,F,
2022,May,Andaman and Nicobar Islands,,,General Index (All Groups),10.95,6.63,8.80,F,
2022,May,Andhra Pradesh,,,General Index (All Groups),8.83,7.93,8.55,F,
2022,May,Arunachal Pradesh,,,General Index (All Groups),7.88,,,F,
2022,May,Assam,,,General Index (All Groups),8.07,5.12,7.43,F,
2022,May,Bihar,,,General Index (All Groups),5.54,8.18,5.97,F,
2022,May,Chandigarh,,,General Index (All Groups),8.85,7.41,7.46,F,
2022,May,Chhattisgarh,,,General Index (All Groups),6.74,4.60,5.92,F,
2022,May,Dadra and Nagar Haveli,,,General Index (All Groups),8.03,8.14,8.15,F,
2022,May,Daman and Diu,,,General Index (All Groups),5.56,5.40,5.50,F,
2022,May,Delhi,,,General Index (All Groups),6.36,5.57,5.57,F,
2022,May,Goa,,,General Index (All Groups),4.50,2.76,3.47,F,
2022,May,Gujarat,,,General Index (All Groups),7.30,7.50,7.35,F,
2022,May,Haryana,,,General Index (All Groups),7.66,6.91,7.25,F,
2022,May,Himachal Pradesh,,,General Index (All Groups),5.60,5.87,5.63,F,
2022,May,Jammu and Kashmir,,,General Index (All Groups),6.72,7.49,6.97,F,
2022,May,Jharkhand,,,General Index (All Groups),6.94,8.53,7.51,F,
2022,May,Karnataka,,,General Index (All Groups),5.63,7.01,6.41,F,
2022,May,Kerala,,,General Index (All Groups),4.31,5.83,4.82,F,
2022,May,Lakshadweep,,,General Index (All Groups),9.74,6.04,7.88,F,
2022,May,Madhya Pradesh,,,General Index (All Groups),7.95,6.00,7.16,F,
2022,May,Maharashtra,,,General Index (All Groups),7.88,8.82,8.52,F,
2022,May,Manipur,,,General Index (All Groups),-0.11,1.17,0.27,F,
2022,May,Meghalaya,,,General Index (All Groups),2.39,4.67,3.15,F,
2022,May,Mizoram,,,General Index (All Groups),7.28,6.97,7.13,F,
2022,May,Nagaland,,,General Index (All Groups),7.45,5.88,6.84,F,
2022,May,Odisha,,,General Index (All Groups),7.38,6.99,7.28,F,
2022,May,Puducherry,,,General Index (All Groups),7.32,7.58,7.50,F,
2022,May,Punjab,,,General Index (All Groups),6.22,5.13,5.77,F,
2022,May,Rajasthan,,,General Index (All Groups),7.48,7.18,7.36,F,
2022,May,Sikkim,,,General Index (All Groups),7.78,9.44,8.28,F,
2022,May,Tamil Nadu,,,General Index (All Groups),5.91,5.60,5.72,F,
2022,May,Telangana,,,General Index (All Groups),10.38,8.65,9.45,F,
2022,May,Tripura,,,General Index (All Groups),3.93,6.30,4.52,F,
2022,May,Uttar Pradesh,,,General Index (All Groups),6.92,6.39,6.70,F,
2022,May,Uttarakhand,,,General Index (All Groups),6.53,5.15,6.04,F,
2022,May,West Bengal,,,General Index (All Groups),8.99,7.44,8.27,F,
2022,June,Andaman and Nicobar Islands,,,General Index (All Groups),10.44,3.38,7.03,F,
2022,June,Andhra Pradesh,,,General Index (All Groups),8.65,8.66,8.63,F,
2022,June,Arunachal Pradesh,,,General Index (All Groups),7.16,,,F,
2022,June,Assam,,,General Index (All Groups),8.14,5.42,7.60,F,
2022,June,Bihar,,,General Index (All Groups),4.31,6.56,4.68,F,
2022,June,Chandigarh,,,General Index (All Groups),9.17,7.46,7.58,F,
2022,June,Chhattisgarh,,,General Index (All Groups),7.28,5.43,6.60,F,
2022,June,Dadra and Nagar Haveli,,,General Index (All Groups),5.65,7.84,7.08,F,
2022,June,Daman and Diu,,,General Index (All Groups),5.74,5.77,5.77,F,
2022,June,Delhi,,,General Index (All Groups),5.86,5.06,5.06,F,
2022,June,Goa,,,General Index (All Groups),3.65,2.36,2.88,F,
2022,June,Gujarat,,,General Index (All Groups),7.45,7.51,7.50,F,
2022,June,Haryana,,,General Index (All Groups),8.62,7.74,8.14,F,
2022,June,Himachal Pradesh,,,General Index (All Groups),5.51,6.16,5.61,F,
2022,June,Jammu and Kashmir,,,General Index (All Groups),8.06,7.84,7.97,F,
2022,June,Jharkhand,,,General Index (All Groups),6.84,6.81,6.86,F,
2022,June,Karnataka,,,General Index (All Groups),5.41,6.94,6.20,F,
2022,June,Kerala,,,General Index (All Groups),5.32,5.72,5.41,F,
2022,June,Lakshadweep,,,General Index (All Groups),8.75,10.84,9.80,F,
2022,June,Madhya Pradesh,,,General Index (All Groups),8.01,7.40,7.77,F,
2022,June,Maharashtra,,,General Index (All Groups),7.94,8.05,7.97,F,
2022,June,Manipur,,,General Index (All Groups),0.64,0.29,0.55,F,
2022,June,Meghalaya,,,General Index (All Groups),3.16,5.18,3.80,F,
2022,June,Mizoram,,,General Index (All Groups),8.24,6.50,7.16,F,
2022,June,Nagaland,,,General Index (All Groups),5.83,7.09,6.36,F,
2022,June,Odisha,,,General Index (All Groups),7.93,7.23,7.71,F,
2022,June,Puducherry,,,General Index (All Groups),10.09,7.01,7.75,F,
2022,June,Punjab,,,General Index (All Groups),6.35,6.07,6.23,F,
2022,June,Rajasthan,,,General Index (All Groups),7.61,6.87,7.34,F,
2022,June,Sikkim,,,General Index (All Groups),8.20,8.47,8.28,F,
2022,June,Tamil Nadu,,,General Index (All Groups),5.33,4.96,5.08,F,
2022,June,Telangana,,,General Index (All Groups),10.99,9.23,10.05,F,
2022,June,Tripura,,,General Index (All Groups),5.79,7.17,6.12,F,
2022,June,Uttar Pradesh,,,General Index (All Groups),6.94,6.75,6.85,F,
2022,June,Uttarakhand,,,General Index (All Groups),7.97,5.03,6.88,F,
2022,June,West Bengal,,,General Index (All Groups),8.31,6.26,7.34,F,
2022,July,Andaman and Nicobar Islands,,,General Index (All Groups),8.19,3.12,5.72,F,
2022,July,Andhra Pradesh,,,General Index (All Groups),7.04,8.01,7.38,F,
2022,July,Arunachal Pradesh,,,General Index (All Groups),6.82,,,F,
2022,July,Assam,,,General Index (All Groups),8.57,5.43,7.91,F,
2022,July,Bihar,,,General Index (All Groups),4.98,6.41,5.21,F,
2022,July,Chandigarh,,,General Index (All Groups),5.13,6.50,6.42,F,
2022,July,Chhattisgarh,,,General Index (All Groups),7.10,4.81,6.17,F,
2022,July,Dadra and Nagar Haveli,,,General Index (All Groups),6.17,7.54,7.05,F,
2022,July,Daman and Diu,,,General Index (All Groups),6.19,5.90,6.10,F,
2022,July,Delhi,,,General Index (All Groups),5.56,4.06,4.13,F,
2022,July,Goa,,,General Index (All Groups),1.94,2.84,2.42,F,
2022,July,Gujarat,,,General Index (All Groups),8.00,7.79,7.85,F,
2022,July,Haryana,,,General Index (All Groups),8.49,7.11,7.83,F,
2022,July,Himachal Pradesh,,,General Index (All Groups),4.48,4.96,4.58,F,
2022,July,Jammu and Kashmir,,,General Index (All Groups),6.46,7.47,6.78,F,
2022,July,Jharkhand,,,General Index (All Groups),5.28,6.13,5.65,F,
2022,July,Karnataka,,,General Index (All Groups),4.32,5.39,4.86,F,
2022,July,Kerala,,,General Index (All Groups),5.33,5.35,5.36,F,
2022,July,Lakshadweep,,,General Index (All Groups),7.95,10.62,9.23,F,
2022,July,Madhya Pradesh,,,General Index (All Groups),7.65,6.97,7.41,F,
2022,July,Maharashtra,,,General Index (All Groups),7.42,7.89,7.68,F,
2022,July,Manipur,,,General Index (All Groups),1.53,0.06,1.09,F,
2022,July,Meghalaya,,,General Index (All Groups),5.25,4.93,5.12,F,
2022,July,Mizoram,,,General Index (All Groups),11.31,8.16,9.43,F,
2022,July,Nagaland,,,General Index (All Groups),6.40,7.82,6.98,F,
2022,July,Odisha,,,General Index (All Groups),6.50,5.21,6.13,F,
2022,July,Puducherry,,,General Index (All Groups),7.35,5.75,6.18,F,
2022,July,Punjab,,,General Index (All Groups),5.97,5.33,5.64,F,
2022,July,Rajasthan,,,General Index (All Groups),6.92,6.89,6.93,F,
2022,July,Sikkim,,,General Index (All Groups),9.02,8.11,8.70,F,
2022,July,Tamil Nadu,,,General Index (All Groups),4.97,4.65,4.78,F,
2022,July,Telangana,,,General Index (All Groups),8.50,8.76,8.64,F,
2022,July,Tripura,,,General Index (All Groups),7.32,8.87,7.73,F,
2022,July,Uttar Pradesh,,,General Index (All Groups),6.98,6.72,6.89,F,
2022,July,Uttarakhand,,,General Index (All Groups),6.91,4.80,6.11,F,
2022,July,West Bengal,,,General Index (All Groups),9.34,6.10,7.80,F,
2022,August,Andaman and Nicobar Islands,,,General Index (All Groups),5.00,2.37,3.74,F,
2022,August,Andhra Pradesh,,,General Index (All Groups),6.03,7.79,6.68,F,
2022,August,Arunachal Pradesh,,,General Index (All Groups),6.41,,,F,
2022,August,Assam,,,General Index (All Groups),8.20,5.90,7.73,F,
2022,August,Bihar,,,General Index (All Groups),6.22,6.89,6.31,F,
2022,August,Chandigarh,,,General Index (All Groups),5.34,6.08,6.00,F,
2022,August,Chhattisgarh,,,General Index (All Groups),6.38,4.48,5.65,F,
2022,August,Dadra and Nagar Haveli,,,General Index (All Groups),6.44,7.52,7.17,F,
2022,August,Daman and Diu,,,General Index (All Groups),10.06,5.34,8.14,F,
2022,August,Delhi,,,General Index (All Groups),5.48,4.10,4.16,F,
2022,August,Goa,,,General Index (All Groups),1.64,3.21,2.54,F,
2022,August,Gujarat,,,General Index (All Groups),8.63,7.89,8.22,F,
2022,August,Haryana,,,General Index (All Groups),8.28,7.14,7.71,F,
2022,August,Himachal Pradesh,,,General Index (All Groups),4.91,5.02,4.88,F,
2022,August,Jammu and Kashmir,,,General Index (All Groups),6.68,7.43,6.93,F,
2022,August,Jharkhand,,,General Index (All Groups),6.07,6.54,6.24,F,
2022,August,Karnataka,,,General Index (All Groups),4.33,5.44,4.92,F,
2022,August,Kerala,,,General Index (All Groups),5.71,5.77,5.73,F,
2022,August,Lakshadweep,,,General Index (All Groups),7.59,11.22,9.34,F,
2022,August,Madhya Pradesh,,,General Index (All Groups),8.19,7.26,7.83,F,
2022,August,Maharashtra,,,General Index (All Groups),7.72,8.06,7.99,F,
2022,August,Manipur,,,General Index (All Groups),2.00,-0.12,1.41,F,
2022,August,Meghalaya,,,General Index (All Groups),5.38,4.80,5.19,F,
2022,August,Mizoram,,,General Index (All Groups),11.75,6.73,8.77,F,
2022,August,Nagaland,,,General Index (All Groups),5.13,7.47,6.09,F,
2022,August,Odisha,,,General Index (All Groups),7.20,6.03,6.82,F,
2022,August,Puducherry,,,General Index (All Groups),6.85,4.95,5.43,F,
2022,August,Punjab,,,General Index (All Groups),5.61,5.57,5.55,F,
2022,August,Rajasthan,,,General Index (All Groups),7.26,6.85,7.15,F,
2022,August,Sikkim,,,General Index (All Groups),9.05,7.93,8.67,F,
2022,August,Tamil Nadu,,,General Index (All Groups),5.22,5.14,5.14,F,
2022,August,Telangana,,,General Index (All Groups),8.09,8.05,8.11,F,
2022,August,Tripura,,,General Index (All Groups),7.30,9.35,7.81,F,
2022,August,Uttar Pradesh,,,General Index (All Groups),7.84,7.26,7.62,F,
2022,August,Uttarakhand,,,General Index (All Groups),7.77,6.35,7.29,F,
2022,August,West Bengal,,,General Index (All Groups),10.29,7.42,8.94,F,
2022,September,Andaman and Nicobar Islands,,,General Index (All Groups),5.62,1.50,3.64,F,
2022,September,Andhra Pradesh,,,General Index (All Groups),7.67,8.66,8.06,F,
2022,September,Arunachal Pradesh,,,General Index (All Groups),5.97,,,F,
2022,September,Assam,,,General Index (All Groups),7.61,5.04,7.08,F,
2022,September,Bihar,,,General Index (All Groups),6.28,7.00,6.38,F,
2022,September,Chandigarh,,,General Index (All Groups),4.80,6.13,6.04,F,
2022,September,Chhattisgarh,,,General Index (All Groups),7.37,4.90,6.44,F,
2022,September,Dadra and Nagar Haveli,,,General Index (All Groups),5.71,7.64,7.00,F,
2022,September,Daman and Diu,,,General Index (All Groups),8.56,5.34,7.27,F,
2022,September,Delhi,,,General Index (All Groups),5.61,3.97,4.03,F,
2022,September,Goa,,,General Index (All Groups),1.31,3.28,2.50,F,
2022,September,Gujarat,,,General Index (All Groups),8.31,7.68,7.95,F,
2022,September,Haryana,,,General Index (All Groups),8.31,7.53,7.95,F,
2022,September,Himachal Pradesh,,,General Index (All Groups),4.24,5.76,4.54,F,
2022,September,Jammu and Kashmir,,,General Index (All Groups),6.51,7.51,6.88,F,
2022,September,Jharkhand,,,General Index (All Groups),7.31,7.02,7.22,F,
2022,September,Karnataka,,,General Index (All Groups),5.42,5.97,5.75,F,
2022,September,Kerala,,,General Index (All Groups),6.48,6.31,6.45,F,
2022,September,Lakshadweep,,,General Index (All Groups),7.77,9.72,8.69,F,
2022,September,Madhya Pradesh,,,General Index (All Groups),8.95,8.21,8.65,F,
2022,September,Maharashtra,,,General Index (All Groups),7.95,8.10,8.03,F,
2022,September,Manipur,,,General Index (All Groups),2.24,-0.52,1.43,F,
2022,September,Meghalaya,,,General Index (All Groups),5.26,5.24,5.26,F,
2022,September,Mizoram,,,General Index (All Groups),12.64,6.25,8.73,F,
2022,September,Nagaland,,,General Index (All Groups),6.24,8.51,7.19,F,
2022,September,Odisha,,,General Index (All Groups),8.50,6.76,8.06,F,
2022,September,Puducherry,,,General Index (All Groups),7.84,6.53,6.88,F,
2022,September,Punjab,,,General Index (All Groups),5.35,5.89,5.60,F,
2022,September,Rajasthan,,,General Index (All Groups),7.56,7.30,7.45,F,
2022,September,Sikkim,,,General Index (All Groups),7.26,6.99,7.21,F,
2022,September,Tamil Nadu,,,General Index (All Groups),6.88,6.92,6.93,F,
2022,September,Telangana,,,General Index (All Groups),8.44,8.99,8.73,F,
2022,September,Tripura,,,General Index (All Groups),8.10,9.89,8.51,F,
2022,September,Uttar Pradesh,,,General Index (All Groups),8.06,7.50,7.85,F,
2022,September,Uttarakhand,,,General Index (All Groups),7.89,6.26,7.27,F,
2022,September,West Bengal,,,General Index (All Groups),10.53,8.29,9.44,F,
2022,October,Andaman and Nicobar Islands,,,General Index (All Groups),7.02,5.25,6.20,F,
2022,October,Andhra Pradesh,,,General Index (All Groups),8.03,7.79,7.93,F,
2022,October,Arunachal Pradesh,,,General Index (All Groups),5.95,,,F,
2022,October,Assam,,,General Index (All Groups),6.09,4.82,5.81,F,
2022,October,Bihar,,,General Index (All Groups),5.87,5.86,5.84,F,
2022,October,Chandigarh,,,General Index (All Groups),4.12,5.34,5.26,F,
2022,October,Chhattisgarh,,,General Index (All Groups),6.23,3.60,5.19,F,
2022,October,Dadra and Nagar Haveli,,,General Index (All Groups),5.60,5.37,5.46,F,
2022,October,Daman and Diu,,,General Index (All Groups),6.60,3.29,5.26,F,
2022,October,Delhi,,,General Index (All Groups),5.63,2.86,2.99,F,
2022,October,Goa,,,General Index (All Groups),0.89,3.65,2.56,F,
2022,October,Gujarat,,,General Index (All Groups),7.31,6.60,6.94,F,
2022,October,Haryana,,,General Index (All Groups),8.41,7.12,7.79,F,
2022,October,Himachal Pradesh,,,General Index (All Groups),4.18,5.62,4.42,F,
2022,October,Jammu and Kashmir,,,General Index (All Groups),5.98,7.07,6.40,F,
2022,October,Jharkhand,,,General Index (All Groups),7.02,6.28,6.73,F,
2022,October,Karnataka,,,General Index (All Groups),5.57,5.56,5.59,F,
2022,October,Kerala,,,General Index (All Groups),6.51,5.83,6.22,F,
2022,October,Lakshadweep,,,General Index (All Groups),5.54,8.54,6.96,F,
2022,October,Madhya Pradesh,,,General Index (All Groups),7.72,7.13,7.49,F,
2022,October,Maharashtra,,,General Index (All Groups),6.93,7.41,7.22,F,
2022,October,Manipur,,,General Index (All Groups),1.39,-0.99,0.71,F,
2022,October,Meghalaya,,,General Index (All Groups),4.08,5.60,4.54,F,
2022,October,Mizoram,,,General Index (All Groups),12.94,5.45,8.35,F,
2022,October,Nagaland,,,General Index (All Groups),6.02,8.21,6.90,F,
2022,October,Odisha,,,General Index (All Groups),6.95,4.97,6.40,F,
2022,October,Puducherry,,,General Index (All Groups),7.05,5.58,5.92,F,
2022,October,Punjab,,,General Index (All Groups),4.61,4.39,4.52,F,
2022,October,Rajasthan,,,General Index (All Groups),6.84,6.58,6.73,F,
2022,October,Sikkim,,,General Index (All Groups),6.74,6.44,6.68,F,
2022,October,Tamil Nadu,,,General Index (All Groups),7.43,6.90,7.10,F,
2022,October,Telangana,,,General Index (All Groups),9.47,8.23,8.82,F,
2022,October,Tripura,,,General Index (All Groups),7.66,9.36,8.08,F,
2022,October,Uttar Pradesh,,,General Index (All Groups),6.87,6.93,6.87,F,
2022,October,Uttarakhand,,,General Index (All Groups),6.41,5.85,6.18,F,
2022,October,West Bengal,,,General Index (All Groups),8.65,6.78,7.71,F,
2022,November,Andaman and Nicobar Islands,,,General Index (All Groups),6.63,5.01,5.83,F,
2022,November,Andhra Pradesh,,,General Index (All Groups),6.81,7.09,6.90,F,
2022,November,Arunachal Pradesh,,,General Index (All Groups),5.70,,,F,
2022,November,Assam,,,General Index (All Groups),5.42,4.92,5.32,F,
2022,November,Bihar,,,General Index (All Groups),4.03,4.44,4.08,F,
2022,November,Chandigarh,,,General Index (All Groups),3.42,4.37,4.28,F,
2022,November,Chhattisgarh,,,General Index (All Groups),4.15,2.37,3.50,F,
2022,November,Dadra and Nagar Haveli,,,General Index (All Groups),4.75,5.07,4.97,F,
2022,November,Daman and Diu,,,General Index (All Groups),5.40,3.23,4.47,F,
2022,November,Delhi,,,General Index (All Groups),4.45,2.05,2.17,F,
2022,November,Goa,,,General Index (All Groups),2.77,4.21,3.67,F,
2022,November,Gujarat,,,General Index (All Groups),6.47,5.51,5.92,F,
2022,November,Haryana,,,General Index (All Groups),7.03,6.60,6.81,F,
2022,November,Himachal Pradesh,,,General Index (All Groups),2.86,4.61,3.15,F,
2022,November,Jammu and Kashmir,,,General Index (All Groups),5.60,5.91,5.72,F,
2022,November,Jharkhand,,,General Index (All Groups),5.77,5.01,5.52,F,
2022,November,Karnataka,,,General Index (All Groups),4.88,4.95,4.91,F,
2022,November,Kerala,,,General Index (All Groups),6.01,5.57,5.90,F,
2022,November,Lakshadweep,,,General Index (All Groups),4.16,6.79,5.44,F,
2022,November,Madhya Pradesh,,,General Index (All Groups),6.93,6.28,6.64,F,
2022,November,Maharashtra,,,General Index (All Groups),6.60,6.82,6.70,F,
2022,November,Manipur,,,General Index (All Groups),1.01,-1.45,0.27,F,
2022,November,Meghalaya,,,General Index (All Groups),2.97,5.91,3.88,F,
2022,November,Mizoram,,,General Index (All Groups),13.83,4.50,8.19,F,
2022,November,Nagaland,,,General Index (All Groups),5.32,7.14,6.03,F,
2022,November,Odisha,,,General Index (All Groups),5.22,3.36,4.72,F,
2022,November,Puducherry,,,General Index (All Groups),5.92,5.87,5.90,F,
2022,November,Punjab,,,General Index (All Groups),5.84,5.75,5.78,F,
2022,November,Rajasthan,,,General Index (All Groups),6.43,5.47,6.07,F,
2022,November,Sikkim,,,General Index (All Groups),5.92,5.23,5.66,F,
2022,November,Tamil Nadu,,,General Index (All Groups),6.57,5.48,5.90,F,
2022,November,Telangana,,,General Index (All Groups),8.12,7.76,7.89,F,
2022,November,Tripura,,,General Index (All Groups),5.78,10.05,6.84,F,
2022,November,Uttar Pradesh,,,General Index (All Groups),6.39,5.84,6.14,F,
2022,November,Uttarakhand,,,General Index (All Groups),5.81,5.20,5.58,F,
2022,November,West Bengal,,,General Index (All Groups),6.72,5.41,6.10,F,
2022,December,Andaman and Nicobar Islands,,,General Index (All Groups),4.36,4.83,4.59,F,
2022,December,Andhra Pradesh,,,General Index (All Groups),6.74,6.18,6.53,F,
2022,December,Arunachal Pradesh,,,General Index (All Groups),6.25,,,F,
2022,December,Assam,,,General Index (All Groups),5.76,5.03,5.60,F,
2022,December,Bihar,,,General Index (All Groups),4.87,5.14,4.91,F,
2022,December,Chandigarh,,,General Index (All Groups),3.42,4.86,4.77,F,
2022,December,Chhattisgarh,,,General Index (All Groups),3.20,1.95,2.73,F,
2022,December,Dadra and Nagar Haveli,,,General Index (All Groups),2.97,4.44,4.01,F,
2022,December,Daman and Diu,,,General Index (All Groups),3.44,2.55,3.08,F,
2022,December,Delhi,,,General Index (All Groups),4.26,2.92,2.98,F,
2022,December,Goa,,,General Index (All Groups),2.77,4.39,3.73,F,
2022,December,Gujarat,,,General Index (All Groups),5.99,4.48,5.10,F,
2022,December,Haryana,,,General Index (All Groups),6.77,6.44,6.67,F,
2022,December,Himachal Pradesh,,,General Index (All Groups),3.96,3.83,3.94,F,
2022,December,Jammu and Kashmir,,,General Index (All Groups),5.45,6.16,5.70,F,
2022,December,Jharkhand,,,General Index (All Groups),5.79,5.47,5.68,F,
2022,December,Karnataka,,,General Index (All Groups),4.26,4.07,4.13,F,
2022,December,Kerala,,,General Index (All Groups),5.90,5.85,5.92,F,
2022,December,Lakshadweep,,,General Index (All Groups),4.32,5.70,5.01,F,
2022,December,Madhya Pradesh,,,General Index (All Groups),7.18,6.65,6.96,F,
2022,December,Maharashtra,,,General Index (All Groups),5.96,5.92,5.95,F,
2022,December,Manipur,,,General Index (All Groups),0.54,-1.97,-0.22,F,
2022,December,Meghalaya,,,General Index (All Groups),2.83,5.73,3.69,F,
2022,December,Mizoram,,,General Index (All Groups),13.94,4.75,8.41,F,
2022,December,Nagaland,,,General Index (All Groups),4.78,6.31,5.42,F,
2022,December,Odisha,,,General Index (All Groups),4.10,3.01,3.84,F,
2022,December,Puducherry,,,General Index (All Groups),5.65,4.76,4.98,F,
2022,December,Punjab,,,General Index (All Groups),6.51,6.73,6.60,F,
2022,December,Rajasthan,,,General Index (All Groups),6.71,5.35,6.22,F,
2022,December,Sikkim,,,General Index (All Groups),6.03,4.64,5.61,F,
2022,December,Tamil Nadu,,,General Index (All Groups),5.41,4.87,5.11,F,
2022,December,Telangana,,,General Index (All Groups),8.52,7.25,7.81,F,
2022,December,Tripura,,,General Index (All Groups),4.71,10.43,6.13,F,
2022,December,Uttar Pradesh,,,General Index (All Groups),7.13,6.26,6.82,F,
2022,December,Uttarakhand,,,General Index (All Groups),5.95,6.84,6.31,F,
2022,December,West Bengal,,,General Index (All Groups),5.76,5.16,5.49,F,
2023,January,Andaman and Nicobar Islands,,,General Index (All Groups),5.25,5.77,5.50,F,
2023,January,Andhra Pradesh,,,General Index (All Groups),8.67,7.57,8.25,F,
2023,January,Arunachal Pradesh,,,General Index (All Groups),4.60,,,F,
2023,January,Assam,,,General Index (All Groups),5.84,4.85,5.62,F,
2023,January,Bihar,,,General Index (All Groups),6.54,6.56,6.57,F,
2023,January,Chandigarh,,,General Index (All Groups),4.49,5.06,5.04,F,
2023,January,Chhattisgarh,,,General Index (All Groups),3.35,2.21,2.87,F,
2023,January,Dadra and Nagar Haveli,,,General Index (All Groups),6.23,6.31,6.26,F,
2023,January,Daman and Diu,,,General Index (All Groups),4.20,3.59,3.92,F,
2023,January,Delhi,,,General Index (All Groups),3.95,3.21,3.27,F,
2023,January,Goa,,,General Index (All Groups),2.39,4.63,3.72,F,
2023,January,Gujarat,,,General Index (All Groups),6.23,5.27,5.68,F,
2023,January,Haryana,,,General Index (All Groups),7.85,6.13,7.05,F,
2023,January,Himachal Pradesh,,,General Index (All Groups),3.13,4.83,3.43,F,
2023,January,Jammu and Kashmir,,,General Index (All Groups),4.93,5.62,5.18,F,
2023,January,Jharkhand,,,General Index (All Groups),6.25,5.87,6.13,F,
2023,January,Karnataka,,,General Index (All Groups),5.35,4.89,5.08,F,
2023,January,Kerala,,,General Index (All Groups),6.59,6.20,6.45,F,
2023,January,Lakshadweep,,,General Index (All Groups),4.08,6.66,5.33,F,
2023,January,Madhya Pradesh,,,General Index (All Groups),8.49,7.56,8.13,F,
2023,January,Maharashtra,,,General Index (All Groups),6.86,6.35,6.50,F,
2023,January,Manipur,,,General Index (All Groups),3.21,-1.98,1.67,F,
2023,January,Meghalaya,,,General Index (All Groups),2.90,6.02,3.87,F,
2023,January,Mizoram,,,General Index (All Groups),11.86,4.45,7.39,F,
2023,January,Nagaland,,,General Index (All Groups),4.90,6.30,5.48,F,
2023,January,Odisha,,,General Index (All Groups),4.90,4.26,4.77,F,
2023,January,Puducherry,,,General Index (All Groups),6.94,6.50,6.60,F,
2023,January,Punjab,,,General Index (All Groups),6.63,6.60,6.59,F,
2023,January,Rajasthan,,,General Index (All Groups),7.57,5.91,6.96,F,
2023,January,Sikkim,,,General Index (All Groups),5.32,5.08,5.28,F,
2023,January,Tamil Nadu,,,General Index (All Groups),7.18,6.48,6.77,F,
2023,January,Telangana,,,General Index (All Groups),9.14,8.09,8.58,F,
2023,January,Tripura,,,General Index (All Groups),5.55,10.66,6.81,F,
2023,January,Uttar Pradesh,,,General Index (All Groups),7.97,6.61,7.45,F,
2023,January,Uttarakhand,,,General Index (All Groups),6.20,6.53,6.37,F,
2023,January,West Bengal,,,General Index (All Groups),5.57,5.61,5.59,F,
2023,February,Andaman and Nicobar Islands,,,General Index (All Groups),7.13,6.99,7.07,F,
2023,February,Andhra Pradesh,,,General Index (All Groups),8.49,7.26,8.01,F,
2023,February,Arunachal Pradesh,,,General Index (All Groups),4.60,,,F,
2023,February,Assam,,,General Index (All Groups),5.75,4.55,5.53,F,
2023,February,Bihar,,,General Index (All Groups),6.42,6.07,6.32,F,
2023,February,Chandigarh,,,General Index (All Groups),4.49,5.10,5.01,F,
2023,February,Chhattisgarh,,,General Index (All Groups),2.49,2.22,2.38,F,
2023,February,Dadra and Nagar Haveli,,,General Index (All Groups),6.10,5.72,5.86,F,
2023,February,Daman and Diu,,,General Index (All Groups),6.77,4.44,5.79,F,
2023,February,Delhi,,,General Index (All Groups),3.88,3.64,3.64,F,
2023,February,Goa,,,General Index (All Groups),1.12,4.32,3.09,F,
2023,February,Gujarat,,,General Index (All Groups),6.77,6.10,6.36,F,
2023,February,Haryana,,,General Index (All Groups),7.64,6.23,6.97,F,
2023,February,Himachal Pradesh,,,General Index (All Groups),3.18,4.98,3.47,F,
2023,February,Jammu and Kashmir,,,General Index (All Groups),4.74,4.71,4.75,F,
2023,February,Jharkhand,,,General Index (All Groups),3.97,5.25,4.42,F,
2023,February,Karnataka,,,General Index (All Groups),6.33,5.76,6.03,F,
2023,February,Kerala,,,General Index (All Groups),6.55,5.77,6.27,F,
2023,February,Lakshadweep,,,General Index (All Groups),5.54,9.56,7.49,F,
2023,February,Madhya Pradesh,,,General Index (All Groups),8.14,6.96,7.65,F,
2023,February,Maharashtra,,,General Index (All Groups),7.15,6.62,6.78,F,
2023,February,Manipur,,,General Index (All Groups),5.35,-0.18,3.69,F,
2023,February,Meghalaya,,,General Index (All Groups),3.09,6.86,4.26,F,
2023,February,Mizoram,,,General Index (All Groups),11.09,4.20,6.98,F,
2023,February,Nagaland,,,General Index (All Groups),3.63,6.84,4.93,F,
2023,February,Odisha,,,General Index (All Groups),4.48,4.05,4.33,F,
2023,February,Puducherry,,,General Index (All Groups),6.96,5.17,5.63,F,
2023,February,Punjab,,,General Index (All Groups),6.22,7.03,6.56,F,
2023,February,Rajasthan,,,General Index (All Groups),7.39,5.75,6.78,F,
2023,February,Sikkim,,,General Index (All Groups),4.80,3.79,4.52,F,
2023,February,Tamil Nadu,,,General Index (All Groups),6.85,6.81,6.86,F,
2023,February,Telangana,,,General Index (All Groups),8.96,8.19,8.56,F,
2023,February,Tripura,,,General Index (All Groups),7.09,10.60,7.98,F,
2023,February,Uttar Pradesh,,,General Index (All Groups),7.38,6.72,7.12,F,
2023,February,Uttarakhand,,,General Index (All Groups),6.28,7.26,6.65,F,
2023,February,West Bengal,,,General Index (All Groups),5.49,4.26,4.90,F,
2023,March,Andaman and Nicobar Islands,,,General Index (All Groups),8.41,5.20,6.88,F,
2023,March,Andhra Pradesh,,,General Index (All Groups),6.78,6.12,6.55,F,
2023,March,Arunachal Pradesh,,,General Index (All Groups),4.64,,,F,
2023,March,Assam,,,General Index (All Groups),4.33,4.29,4.28,F,
2023,March,Bihar,,,General Index (All Groups),4.99,5.30,5.03,F,
2023,March,Chandigarh,,,General Index (All Groups),5.10,5.26,5.25,F,
2023,March,Chhattisgarh,,,General Index (All Groups),1.63,2.39,1.88,F,
2023,March,Dadra and Nagar Haveli,,,General Index (All Groups),7.30,5.26,5.91,F,
2023,March,Daman and Diu,,,General Index (All Groups),5.79,4.40,5.27,F,
2023,March,Delhi,,,General Index (All Groups),3.17,3.44,3.44,F,
2023,March,Goa,,,General Index (All Groups),1.24,4.48,3.21,F,
2023,March,Gujarat,,,General Index (All Groups),6.20,6.25,6.18,F,
2023,March,Haryana,,,General Index (All Groups),7.70,6.07,6.98,F,
2023,March,Himachal Pradesh,,,General Index (All Groups),3.67,5.07,3.96,F,
2023,March,Jammu and Kashmir,,,General Index (All Groups),4.47,5.09,4.71,F,
2023,March,Jharkhand,,,General Index (All Groups),4.00,4.74,4.26,F,
2023,March,Karnataka,,,General Index (All Groups),5.81,5.32,5.58,F,
2023,March,Kerala,,,General Index (All Groups),5.97,5.50,5.82,F,
2023,March,Lakshadweep,,,General Index (All Groups),5.55,8.27,6.87,F,
2023,March,Madhya Pradesh,,,General Index (All Groups),4.25,5.78,4.94,F,
2023,March,Maharashtra,,,General Index (All Groups),5.46,6.15,5.87,F,
2023,March,Manipur,,,General Index (All Groups),5.18,1.07,3.94,F,
2023,March,Meghalaya,,,General Index (All Groups),2.77,6.40,3.87,F,
2023,March,Mizoram,,,General Index (All Groups),11.57,3.84,6.97,F,
2023,March,Nagaland,,,General Index (All Groups),2.76,6.83,4.37,F,
2023,March,Odisha,,,General Index (All Groups),3.96,4.48,4.12,F,
2023,March,Puducherry,,,General Index (All Groups),6.76,5.46,5.74,F,
2023,March,Punjab,,,General Index (All Groups),6.44,7.37,6.84,F,
2023,March,Rajasthan,,,General Index (All Groups),6.21,5.46,5.99,F,
2023,March,Sikkim,,,General Index (All Groups),5.24,4.31,4.96,F,
2023,March,Tamil Nadu,,,General Index (All Groups),6.68,6.68,6.68,F,
2023,March,Telangana,,,General Index (All Groups),7.30,7.95,7.63,F,
2023,March,Tripura,,,General Index (All Groups),7.62,10.06,8.24,F,
2023,March,Uttar Pradesh,,,General Index (All Groups),5.77,6.55,6.07,F,
2023,March,Uttarakhand,,,General Index (All Groups),6.05,7.96,6.73,F,
2023,March,West Bengal,,,General Index (All Groups),3.92,4.84,4.35,F,
2023,April,Andaman and Nicobar Islands,,,General Index (All Groups),3.81,3.97,3.91,F,
2023,April,Andhra Pradesh,,,General Index (All Groups),5.16,5.19,5.18,F,
2023,April,Arunachal Pradesh,,,General Index (All Groups),3.15,,,F,
2023,April,Assam,,,General Index (All Groups),3.52,3.75,3.53,F,
2023,April,Bihar,,,General Index (All Groups),5.30,5.38,5.33,F,
2023,April,Chandigarh,,,General Index (All Groups),5.42,3.13,3.25,F,
2023,April,Chhattisgarh,,,General Index (All Groups),-0.06,1.51,0.54,F,
2023,April,Dadra and Nagar Haveli,,,General Index (All Groups),6.55,4.93,5.45,F,
2023,April,Daman and Diu,,,General Index (All Groups),3.85,3.32,3.64,F,
2023,April,Delhi,,,General Index (All Groups),1.96,2.29,2.22,F,
2023,April,Goa,,,General Index (All Groups),1.70,4.10,3.19,F,
2023,April,Gujarat,,,General Index (All Groups),5.44,4.48,4.89,F,
2023,April,Haryana,,,General Index (All Groups),6.38,4.90,5.74,F,
2023,April,Himachal Pradesh,,,General Index (All Groups),3.71,4.84,3.87,F,
2023,April,Jammu and Kashmir,,,General Index (All Groups),4.04,4.68,4.27,F,
2023,April,Jharkhand,,,General Index (All Groups),5.76,5.15,5.50,F,
2023,April,Karnataka,,,General Index (All Groups),4.56,4.33,4.41,F,
2023,April,Kerala,,,General Index (All Groups),5.79,5.26,5.57,F,
2023,April,Lakshadweep,,,General Index (All Groups),3.55,6.72,5.10,F,
2023,April,Madhya Pradesh,,,General Index (All Groups),2.34,4.40,3.21,F,
2023,April,Maharashtra,,,General Index (All Groups),3.57,5.01,4.51,F,
2023,April,Manipur,,,General Index (All Groups),5.72,0.06,4.03,F,
2023,April,Meghalaya,,,General Index (All Groups),2.43,6.07,3.60,F,
2023,April,Mizoram,,,General Index (All Groups),12.07,3.06,6.67,F,
2023,April,Nagaland,,,General Index (All Groups),3.02,5.79,4.16,F,
2023,April,Odisha,,,General Index (All Groups),3.26,4.18,3.47,F,
2023,April,Puducherry,,,General Index (All Groups),6.65,4.81,5.25,F,
2023,April,Punjab,,,General Index (All Groups),3.80,4.76,4.19,F,
2023,April,Rajasthan,,,General Index (All Groups),5.51,5.13,5.41,F,
2023,April,Sikkim,,,General Index (All Groups),4.54,3.92,4.36,F,
2023,April,Tamil Nadu,,,General Index (All Groups),5.68,5.54,5.61,F,
2023,April,Telangana,,,General Index (All Groups),5.45,6.59,6.02,F,
2023,April,Tripura,,,General Index (All Groups),7.63,9.03,8.00,F,
2023,April,Uttar Pradesh,,,General Index (All Groups),5.18,5.76,5.35,F,
2023,April,Uttarakhand,,,General Index (All Groups),5.39,7.05,5.98,F,
2023,April,West Bengal,,,General Index (All Groups),3.85,4.74,4.27,F,
2023,May,Andaman and Nicobar Islands,,,General Index (All Groups),4.33,5.81,5.06,F,
2023,May,Andhra Pradesh,,,General Index (All Groups),3.15,4.10,3.49,F,
2023,May,Arunachal Pradesh,,,General Index (All Groups),1.66,,,F,
2023,May,Assam,,,General Index (All Groups),3.13,3.82,3.26,F,
2023,May,Bihar,,,General Index (All Groups),6.10,5.64,6.00,F,
2023,May,Chandigarh,,,General Index (All Groups),5.54,3.57,3.69,F,
2023,May,Chhattisgarh,,,General Index (All Groups),0.30,1.38,0.71,F,
2023,May,Dadra and Nagar Haveli,,,General Index (All Groups),5.54,3.95,4.44,F,
2023,May,Daman and Diu,,,General Index (All Groups),2.21,3.79,2.87,F,
2023,May,Delhi,,,General Index (All Groups),1.83,1.47,1.53,F,
2023,May,Goa,,,General Index (All Groups),0.52,4.45,2.87,F,
2023,May,Gujarat,,,General Index (All Groups),4.79,3.95,4.36,F,
2023,May,Haryana,,,General Index (All Groups),7.18,4.63,6.04,F,
2023,May,Himachal Pradesh,,,General Index (All Groups),4.13,5.24,4.35,F,
2023,May,Jammu and Kashmir,,,General Index (All Groups),3.70,4.37,3.92,F,
2023,May,Jharkhand,,,General Index (All Groups),5.53,4.04,4.97,F,
2023,May,Karnataka,,,General Index (All Groups),3.27,3.33,3.27,F,
2023,May,Kerala,,,General Index (All Groups),4.53,4.33,4.48,F,
2023,May,Lakshadweep,,,General Index (All Groups),1.71,3.20,2.45,F,
2023,May,Madhya Pradesh,,,General Index (All Groups),1.57,3.83,2.48,F,
2023,May,Maharashtra,,,General Index (All Groups),3.60,4.68,4.31,F,
2023,May,Manipur,,,General Index (All Groups),12.32,2.73,9.46,F,
2023,May,Meghalaya,,,General Index (All Groups),1.05,4.34,2.08,F,
2023,May,Mizoram,,,General Index (All Groups),11.81,2.25,6.07,F,
2023,May,Nagaland,,,General Index (All Groups),3.22,4.78,3.85,F,
2023,May,Odisha,,,General Index (All Groups),2.52,4.25,2.96,F,
2023,May,Puducherry,,,General Index (All Groups),4.75,3.72,4.00,F,
2023,May,Punjab,,,General Index (All Groups),3.73,4.82,4.18,F,
2023,May,Rajasthan,,,General Index (All Groups),4.82,4.49,4.71,F,
2023,May,Sikkim,,,General Index (All Groups),4.22,2.97,3.82,F,
2023,May,Tamil Nadu,,,General Index (All Groups),4.40,4.68,4.57,F,
2023,May,Telangana,,,General Index (All Groups),4.27,5.19,4.76,F,
2023,May,Tripura,,,General Index (All Groups),6.22,7.46,6.52,F,
2023,May,Uttar Pradesh,,,General Index (All Groups),5.17,5.30,5.21,F,
2023,May,Uttarakhand,,,General Index (All Groups),5.12,6.90,5.75,F,
2023,May,West Bengal,,,General Index (All Groups),3.98,4.28,4.10,F,
2023,June,Andaman and Nicobar Islands,,,General Index (All Groups),2.62,6.48,4.42,F,
2023,June,Andhra Pradesh,,,General Index (All Groups),4.94,4.79,4.92,F,
2023,June,Arunachal Pradesh,,,General Index (All Groups),2.43,,,F,
2023,June,Assam,,,General Index (All Groups),2.25,3.64,2.54,F,
2023,June,Bihar,,,General Index (All Groups),6.14,6.21,6.10,F,
2023,June,Chandigarh,,,General Index (All Groups),5.36,3.99,4.04,F,
2023,June,Chhattisgarh,,,General Index (All Groups),0.70,2.34,1.30,F,
2023,June,Dadra and Nagar Haveli,,,General Index (All Groups),5.97,5.48,5.64,F,
2023,June,Daman and Diu,,,General Index (All Groups),2.52,4.41,3.30,F,
2023,June,Delhi,,,General Index (All Groups),1.52,1.98,1.98,F,
2023,June,Goa,,,General Index (All Groups),0.87,4.79,3.21,F,
2023,June,Gujarat,,,General Index (All Groups),4.94,4.41,4.63,F,
2023,June,Haryana,,,General Index (All Groups),7.17,4.95,6.16,F,
2023,June,Himachal Pradesh,,,General Index (All Groups),4.18,4.73,4.33,F,
2023,June,Jammu and Kashmir,,,General Index (All Groups),2.40,3.74,2.84,F,
2023,June,Jharkhand,,,General Index (All Groups),5.14,4.42,4.83,F,
2023,June,Karnataka,,,General Index (All Groups),3.87,4.38,4.15,F,
2023,June,Kerala,,,General Index (All Groups),5.05,5.46,5.25,F,
2023,June,Lakshadweep,,,General Index (All Groups),2.37,2.45,2.38,F,
2023,June,Madhya Pradesh,,,General Index (All Groups),2.07,4.33,2.98,F,
2023,June,Maharashtra,,,General Index (All Groups),4.13,5.13,4.80,F,
2023,June,Manipur,,,General Index (All Groups),12.98,3.26,10.09,F,
2023,June,Meghalaya,,,General Index (All Groups),1.41,5.16,2.62,F,
2023,June,Mizoram,,,General Index (All Groups),11.51,2.67,6.22,F,
2023,June,Nagaland,,,General Index (All Groups),3.44,3.96,3.67,F,
2023,June,Odisha,,,General Index (All Groups),3.30,5.61,3.92,F,
2023,June,Puducherry,,,General Index (All Groups),6.24,4.09,4.63,F,
2023,June,Punjab,,,General Index (All Groups),4.55,5.10,4.84,F,
2023,June,Rajasthan,,,General Index (All Groups),5.11,5.06,5.11,F,
2023,June,Sikkim,,,General Index (All Groups),4.19,3.31,3.91,F,
2023,June,Tamil Nadu,,,General Index (All Groups),6.63,6.24,6.41,F,
2023,June,Telangana,,,General Index (All Groups),5.43,5.71,5.58,F,
2023,June,Tripura,,,General Index (All Groups),6.49,7.03,6.58,F,
2023,June,Uttar Pradesh,,,General Index (All Groups),5.66,5.44,5.59,F,
2023,June,Uttarakhand,,,General Index (All Groups),5.55,7.75,6.32,F,
2023,June,West Bengal,,,General Index (All Groups),4.17,4.76,4.43,F,
2023,July,Andaman and Nicobar Islands,,,General Index (All Groups),5.68,6.58,6.08,F,
2023,July,Andhra Pradesh,,,General Index (All Groups),8.96,6.74,8.11,F,
2023,July,Arunachal Pradesh,,,General Index (All Groups),3.25,,,F,
2023,July,Assam,,,General Index (All Groups),3.61,4.92,3.91,F,
2023,July,Bihar,,,General Index (All Groups),7.74,7.52,7.75,F,
2023,July,Chandigarh,,,General Index (All Groups),10.28,6.11,6.33,F,
2023,July,Chhattisgarh,,,General Index (All Groups),5.47,6.92,6.05,F,
2023,July,Dadra and Nagar Haveli,,,General Index (All Groups),9.87,9.56,9.66,F,
2023,July,Daman and Diu,,,General Index (All Groups),7.74,7.25,7.51,F,
2023,July,Delhi,,,General Index (All Groups),2.30,3.90,3.78,F,
2023,July,Goa,,,General Index (All Groups),1.79,4.69,3.55,F,
2023,July,Gujarat,,,General Index (All Groups),7.29,7.59,7.46,F,
2023,July,Haryana,,,General Index (All Groups),9.46,7.05,8.32,F,
2023,July,Himachal Pradesh,,,General Index (All Groups),7.10,7.21,7.12,F,
2023,July,Jammu and Kashmir,,,General Index (All Groups),4.98,4.98,4.98,F,
2023,July,Jharkhand,,,General Index (All Groups),9.97,7.95,9.16,F,
2023,July,Karnataka,,,General Index (All Groups),8.69,7.12,7.85,F,
2023,July,Kerala,,,General Index (All Groups),6.51,6.49,6.48,F,
2023,July,Lakshadweep,,,General Index (All Groups),5.39,5.47,5.44,F,
2023,July,Madhya Pradesh,,,General Index (All Groups),6.25,7.59,6.78,F,
2023,July,Maharashtra,,,General Index (All Groups),6.79,6.54,6.67,F,
2023,July,Manipur,,,General Index (All Groups),12.06,3.43,9.52,F,
2023,July,Meghalaya,,,General Index (All Groups),2.98,4.76,3.55,F,
2023,July,Mizoram,,,General Index (All Groups),9.06,1.40,4.51,F,
2023,July,Nagaland,,,General Index (All Groups),3.90,3.65,3.79,F,
2023,July,Odisha,,,General Index (All Groups),8.39,9.84,8.78,F,
2023,July,Puducherry,,,General Index (All Groups),9.13,5.83,6.66,F,
2023,July,Punjab,,,General Index (All Groups),6.45,7.77,7.08,F,
2023,July,Rajasthan,,,General Index (All Groups),9.30,10.34,9.66,F,
2023,July,Sikkim,,,General Index (All Groups),5.92,4.94,5.64,F,
2023,July,Tamil Nadu,,,General Index (All Groups),9.41,8.67,8.95,F,
2023,July,Telangana,,,General Index (All Groups),9.83,7.61,8.61,F,
2023,July,Tripura,,,General Index (All Groups),7.35,6.11,7.07,F,
2023,July,Uttar Pradesh,,,General Index (All Groups),8.22,8.03,8.13,F,
2023,July,Uttarakhand,,,General Index (All Groups),7.46,10.52,8.58,F,
2023,July,West Bengal,,,General Index (All Groups),6.01,5.98,5.96,F,
2023,August,Andaman and Nicobar Islands,,,General Index (All Groups),5.40,6.41,5.91,F,
2023,August,Andhra Pradesh,,,General Index (All Groups),8.42,6.73,7.78,F,
2023,August,Arunachal Pradesh,,,General Index (All Groups),3.18,,,F,
2023,August,Assam,,,General Index (All Groups),3.71,5.00,4.01,F,
2023,August,Bihar,,,General Index (All Groups),6.56,6.67,6.58,F,
2023,August,Chandigarh,,,General Index (All Groups),9.74,5.73,5.96,F,
2023,August,Chhattisgarh,,,General Index (All Groups),4.71,6.67,5.46,F,
2023,August,Dadra and Nagar Haveli,,,General Index (All Groups),8.04,8.83,8.62,F,
2023,August,Daman and Diu,,,General Index (All Groups),6.39,7.61,6.85,F,
2023,August,Delhi,,,General Index (All Groups),2.78,3.09,3.09,F,
2023,August,Goa,,,General Index (All Groups),1.15,4.19,3.01,F,
2023,August,Gujarat,,,General Index (All Groups),7.19,6.59,6.82,F,
2023,August,Haryana,,,General Index (All Groups),9.73,6.49,8.27,F,
2023,August,Himachal Pradesh,,,General Index (All Groups),6.87,7.43,7.01,F,
2023,August,Jammu and Kashmir,,,General Index (All Groups),5.39,5.61,5.50,F,
2023,August,Jharkhand,,,General Index (All Groups),8.85,6.25,7.85,F,
2023,August,Karnataka,,,General Index (All Groups),8.76,7.00,7.85,F,
2023,August,Kerala,,,General Index (All Groups),6.40,6.08,6.26,F,
2023,August,Lakshadweep,,,General Index (All Groups),5.46,2.13,3.87,F,
2023,August,Madhya Pradesh,,,General Index (All Groups),5.47,6.94,6.07,F,
2023,August,Maharashtra,,,General Index (All Groups),6.26,6.10,6.12,F,
2023,August,Manipur,,,General Index (All Groups),10.22,3.94,8.33,F,
2023,August,Meghalaya,,,General Index (All Groups),4.13,4.58,4.27,F,
2023,August,Mizoram,,,General Index (All Groups),8.99,2.16,4.88,F,
2023,August,Nagaland,,,General Index (All Groups),4.77,3.71,4.35,F,
2023,August,Odisha,,,General Index (All Groups),7.96,8.95,8.29,F,
2023,August,Puducherry,,,General Index (All Groups),9.58,5.95,6.83,F,
2023,August,Punjab,,,General Index (All Groups),6.60,8.28,7.34,F,
2023,August,Rajasthan,,,General Index (All Groups),8.35,9.17,8.60,F,
2023,August,Sikkim,,,General Index (All Groups),5.43,5.14,5.36,F,
2023,August,Tamil Nadu,,,General Index (All Groups),8.23,7.47,7.76,F,
2023,August,Telangana,,,General Index (All Groups),8.13,8.34,8.21,F,
2023,August,Tripura,,,General Index (All Groups),7.38,6.03,7.03,F,
2023,August,Uttar Pradesh,,,General Index (All Groups),7.32,7.00,7.20,F,
2023,August,Uttarakhand,,,General Index (All Groups),6.98,9.10,7.72,F,
2023,August,West Bengal,,,General Index (All Groups),5.07,4.46,4.79,F,
2023,September,Andaman and Nicobar Islands,,,General Index (All Groups),1.00,6.03,3.40,F,
2023,September,Andhra Pradesh,,,General Index (All Groups),6.00,4.45,5.40,F,
2023,September,Arunachal Pradesh,,,General Index (All Groups),2.57,,,F,
2023,September,Assam,,,General Index (All Groups),4.03,5.94,4.39,F,
2023,September,Bihar,,,General Index (All Groups),5.50,5.58,5.53,F,
2023,September,Chandigarh,,,General Index (All Groups),6.96,3.89,4.12,F,
2023,September,Chhattisgarh,,,General Index (All Groups),1.44,2.96,1.98,F,
2023,September,Dadra and Nagar Haveli,,,General Index (All Groups),7.03,5.16,5.76,F,
2023,September,Daman and Diu,,,General Index (All Groups),4.06,5.49,4.61,F,
2023,September,Delhi,,,General Index (All Groups),1.93,2.24,2.24,F,
2023,September,Goa,,,General Index (All Groups),2.00,3.59,2.97,F,
2023,September,Gujarat,,,General Index (All Groups),5.93,4.53,5.11,F,
2023,September,Haryana,,,General Index (All Groups),8.19,4.63,6.55,F,
2023,September,Himachal Pradesh,,,General Index (All Groups),5.22,4.69,5.12,F,
2023,September,Jammu and Kashmir,,,General Index (All Groups),3.57,3.30,3.46,F,
2023,September,Jharkhand,,,General Index (All Groups),5.82,3.73,5.01,F,
2023,September,Karnataka,,,General Index (All Groups),6.97,5.19,6.00,F,
2023,September,Kerala,,,General Index (All Groups),4.59,4.93,4.72,F,
2023,September,Lakshadweep,,,General Index (All Groups),2.68,2.76,2.72,F,
2023,September,Madhya Pradesh,,,General Index (All Groups),3.17,4.38,3.67,F,
2023,September,Maharashtra,,,General Index (All Groups),4.72,5.08,4.94,F,
2023,September,Manipur,,,General Index (All Groups),11.71,5.01,9.78,F,
2023,September,Meghalaya,,,General Index (All Groups),4.88,4.04,4.64,F,
2023,September,Mizoram,,,General Index (All Groups),8.04,1.92,4.47,F,
2023,September,Nagaland,,,General Index (All Groups),3.72,2.94,3.38,F,
2023,September,Odisha,,,General Index (All Groups),5.80,6.39,5.92,F,
2023,September,Puducherry,,,General Index (All Groups),6.45,4.18,4.77,F,
2023,September,Punjab,,,General Index (All Groups),5.60,5.32,5.48,F,
2023,September,Rajasthan,,,General Index (All Groups),6.27,6.86,6.53,F,
2023,September,Sikkim,,,General Index (All Groups),2.45,4.00,2.94,F,
2023,September,Tamil Nadu,,,General Index (All Groups),4.99,4.15,4.49,F,
2023,September,Telangana,,,General Index (All Groups),5.92,6.05,5.97,F,
2023,September,Tripura,,,General Index (All Groups),5.88,6.33,6.00,F,
2023,September,Uttar Pradesh,,,General Index (All Groups),5.68,5.03,5.45,F,
2023,September,Uttarakhand,,,General Index (All Groups),5.17,6.24,5.56,F,
2023,September,West Bengal,,,General Index (All Groups),4.22,2.92,3.66,F,
2023,October,Andaman and Nicobar Islands,,,General Index (All Groups),0.72,4.31,2.43,F,
2023,October,Andhra Pradesh,,,General Index (All Groups),4.99,4.33,4.75,F,
2023,October,Arunachal Pradesh,,,General Index (All Groups),3.76,,,F,
2023,October,Assam,,,General Index (All Groups),4.58,5.90,4.83,F,
2023,October,Bihar,,,General Index (All Groups),5.66,5.65,5.69,F,
2023,October,Chandigarh,,,General Index (All Groups),6.07,3.62,3.79,F,
2023,October,Chhattisgarh,,,General Index (All Groups),1.90,3.30,2.44,F,
2023,October,Dadra and Nagar Haveli,,,General Index (All Groups),5.85,5.91,5.89,F,
2023,October,Daman and Diu,,,General Index (All Groups),3.21,6.25,4.43,F,
2023,October,Delhi,,,General Index (All Groups),1.50,2.54,2.48,F,
2023,October,Goa,,,General Index (All Groups),1.95,3.70,3.03,F,
2023,October,Gujarat,,,General Index (All Groups),5.89,4.81,5.25,F,
2023,October,Haryana,,,General Index (All Groups),7.53,4.23,6.02,F,
2023,October,Himachal Pradesh,,,General Index (All Groups),4.14,3.59,4.05,F,
2023,October,Jammu and Kashmir,,,General Index (All Groups),3.66,3.17,3.49,F,
2023,October,Jharkhand,,,General Index (All Groups),5.87,3.18,4.83,F,
2023,October,Karnataka,,,General Index (All Groups),6.52,4.94,5.63,F,
2023,October,Kerala,,,General Index (All Groups),4.13,4.67,4.31,F,
2023,October,Lakshadweep,,,General Index (All Groups),4.93,4.51,4.73,F,
2023,October,Madhya Pradesh,,,General Index (All Groups),3.50,4.70,3.99,F,
2023,October,Maharashtra,,,General Index (All Groups),4.81,4.85,4.84,F,
2023,October,Manipur,,,General Index (All Groups),12.24,5.52,10.25,F,
2023,October,Meghalaya,,,General Index (All Groups),5.51,3.67,4.95,F,
2023,October,Mizoram,,,General Index (All Groups),7.23,1.74,3.99,F,
2023,October,Nagaland,,,General Index (All Groups),2.41,2.59,2.48,F,
2023,October,Odisha,,,General Index (All Groups),6.28,6.96,6.47,F,
2023,October,Puducherry,,,General Index (All Groups),5.39,4.57,4.82,F,
2023,October,Punjab,,,General Index (All Groups),4.99,5.97,5.39,F,
2023,October,Rajasthan,,,General Index (All Groups),6.17,6.46,6.25,F,
2023,October,Sikkim,,,General Index (All Groups),2.02,3.70,2.55,F,
2023,October,Tamil Nadu,,,General Index (All Groups),4.61,3.61,4.00,F,
2023,October,Telangana,,,General Index (All Groups),4.77,5.91,5.37,F,
2023,October,Tripura,,,General Index (All Groups),5.49,5.92,5.57,F,
2023,October,Uttar Pradesh,,,General Index (All Groups),5.17,4.89,5.06,F,
2023,October,Uttarakhand,,,General Index (All Groups),4.35,5.02,4.61,F,
2023,October,West Bengal,,,General Index (All Groups),4.90,3.78,4.40,F,
2023,November,Andaman and Nicobar Islands,,,General Index (All Groups),1.22,4.99,3.10,F,
2023,November,Andhra Pradesh,,,General Index (All Groups),5.76,4.81,5.41,F,
2023,November,Arunachal Pradesh,,,General Index (All Groups),2.67,,,F,
2023,November,Assam,,,General Index (All Groups),4.86,6.16,5.11,F,
2023,November,Bihar,,,General Index (All Groups),6.08,5.99,6.11,F,
2023,November,Chandigarh,,,General Index (All Groups),5.01,4.31,4.35,F,
2023,November,Chhattisgarh,,,General Index (All Groups),3.01,4.50,3.56,F,
2023,November,Dadra and Nagar Haveli,,,General Index (All Groups),7.14,6.94,7.01,F,
2023,November,Daman and Diu,,,General Index (All Groups),4.68,6.74,5.54,F,
2023,November,Delhi,,,General Index (All Groups),2.10,3.16,3.10,F,
2023,November,Goa,,,General Index (All Groups),1.81,3.57,2.84,F,
2023,November,Gujarat,,,General Index (All Groups),6.59,6.01,6.30,F,
2023,November,Haryana,,,General Index (All Groups),8.29,4.95,6.78,F,
2023,November,Himachal Pradesh,,,General Index (All Groups),5.37,3.94,5.16,F,
2023,November,Jammu and Kashmir,,,General Index (All Groups),3.86,3.92,3.86,F,
2023,November,Jharkhand,,,General Index (All Groups),5.91,3.98,5.12,F,
2023,November,Karnataka,,,General Index (All Groups),7.83,5.43,6.52,F,
2023,November,Kerala,,,General Index (All Groups),4.57,5.22,4.80,F,
2023,November,Lakshadweep,,,General Index (All Groups),4.96,2.86,3.93,F,
2023,November,Madhya Pradesh,,,General Index (All Groups),4.51,5.41,4.88,F,
2023,November,Maharashtra,,,General Index (All Groups),5.58,5.39,5.48,F,
2023,November,Manipur,,,General Index (All Groups),13.70,6.63,11.63,F,
2023,November,Meghalaya,,,General Index (All Groups),5.40,2.85,4.58,F,
2023,November,Mizoram,,,General Index (All Groups),7.11,1.45,3.76,F,
2023,November,Nagaland,,,General Index (All Groups),3.12,2.70,2.93,F,
2023,November,Odisha,,,General Index (All Groups),7.55,8.15,7.71,F,
2023,November,Puducherry,,,General Index (All Groups),6.40,4.88,5.29,F,
2023,November,Punjab,,,General Index (All Groups),5.87,7.40,6.54,F,
2023,November,Rajasthan,,,General Index (All Groups),6.85,7.23,6.99,F,
2023,November,Sikkim,,,General Index (All Groups),2.28,3.18,2.60,F,
2023,November,Tamil Nadu,,,General Index (All Groups),5.18,4.70,4.92,F,
2023,November,Telangana,,,General Index (All Groups),6.24,6.60,6.46,F,
2023,November,Tripura,,,General Index (All Groups),5.52,4.78,5.37,F,
2023,November,Uttar Pradesh,,,General Index (All Groups),5.72,5.17,5.56,F,
2023,November,Uttarakhand,,,General Index (All Groups),5.14,5.68,5.34,F,
2023,November,West Bengal,,,General Index (All Groups),5.00,4.31,4.65,F,
2023,December,Andaman and Nicobar Islands,,,General Index (All Groups),1.78,4.27,2.99,F,
2023,December,Andhra Pradesh,,,General Index (All Groups),5.70,5.21,5.52,F,
2023,December,Arunachal Pradesh,,,General Index (All Groups),2.99,,,F,
2023,December,Assam,,,General Index (All Groups),5.33,6.56,5.59,F,
2023,December,Bihar,,,General Index (All Groups),5.86,6.12,5.89,F,
2023,December,Chandigarh,,,General Index (All Groups),4.34,4.08,4.13,F,
2023,December,Chhattisgarh,,,General Index (All Groups),4.10,5.15,4.49,F,
2023,December,Dadra and Nagar Haveli,,,General Index (All Groups),8.29,7.03,7.41,F,
2023,December,Daman and Diu,,,General Index (All Groups),4.45,6.87,5.46,F,
2023,December,Delhi,,,General Index (All Groups),2.10,3.02,2.95,F,
2023,December,Goa,,,General Index (All Groups),2.99,3.32,3.19,F,
2023,December,Gujarat,,,General Index (All Groups),7.40,6.80,7.07,F,
2023,December,Haryana,,,General Index (All Groups),7.95,5.34,6.72,F,
2023,December,Himachal Pradesh,,,General Index (All Groups),5.45,4.39,5.23,F,
2023,December,Jammu and Kashmir,,,General Index (All Groups),4.36,3.79,4.15,F,
2023,December,Jharkhand,,,General Index (All Groups),5.88,4.00,5.14,F,
2023,December,Karnataka,,,General Index (All Groups),8.01,5.46,6.65,F,
2023,December,Kerala,,,General Index (All Groups),4.21,4.48,4.28,F,
2023,December,Lakshadweep,,,General Index (All Groups),5.72,2.72,4.21,F,
2023,December,Madhya Pradesh,,,General Index (All Groups),4.77,5.45,5.09,F,
2023,December,Maharashtra,,,General Index (All Groups),6.30,6.00,6.08,F,
2023,December,Manipur,,,General Index (All Groups),15.11,7.39,12.86,F,
2023,December,Meghalaya,,,General Index (All Groups),5.44,2.97,4.70,F,
2023,December,Mizoram,,,General Index (All Groups),6.57,1.05,3.29,F,
2023,December,Nagaland,,,General Index (All Groups),2.69,3.11,2.88,F,
2023,December,Odisha,,,General Index (All Groups),8.63,9.12,8.73,F,
2023,December,Puducherry,,,General Index (All Groups),7.25,5.16,5.68,F,
2023,December,Punjab,,,General Index (All Groups),5.30,6.73,5.95,F,
2023,December,Rajasthan,,,General Index (All Groups),6.69,7.36,6.95,F,
2023,December,Sikkim,,,General Index (All Groups),2.33,3.81,2.81,F,
2023,December,Tamil Nadu,,,General Index (All Groups),5.46,4.65,4.97,F,
2023,December,Telangana,,,General Index (All Groups),6.57,6.65,6.65,F,
2023,December,Tripura,,,General Index (All Groups),6.73,3.75,5.98,F,
2023,December,Uttar Pradesh,,,General Index (All Groups),5.69,5.32,5.53,F,
2023,December,Uttarakhand,,,General Index (All Groups),4.46,5.14,4.73,F,
2023,December,West Bengal,,,General Index (All Groups),5.34,4.57,4.98,F,
2024,January,Andaman and Nicobar Islands,,,General Index (All Groups),2.00,1.74,1.88,F,
2024,January,Andhra Pradesh,,,General Index (All Groups),5.28,4.53,4.99,F,
2024,January,Arunachal Pradesh,,,General Index (All Groups),4.12,,,F,
2024,January,Assam,,,General Index (All Groups),5.58,6.45,5.77,F,
2024,January,Bihar,,,General Index (All Groups),4.75,5.26,4.78,F,
2024,January,Chandigarh,,,General Index (All Groups),3.67,3.96,3.95,F,
2024,January,Chhattisgarh,,,General Index (All Groups),4.12,5.35,4.63,F,
2024,January,Dadra and Nagar Haveli,,,General Index (All Groups),5.50,6.35,6.07,F,
2024,January,Daman and Diu,,,General Index (All Groups),4.65,5.99,5.20,F,
2024,January,Delhi,,,General Index (All Groups),2.41,2.56,2.56,F,
2024,January,Goa,,,General Index (All Groups),1.87,3.19,2.64,F,
2024,January,Gujarat,,,General Index (All Groups),6.79,5.67,6.15,F,
2024,January,Haryana,,,General Index (All Groups),7.22,5.12,6.24,F,
2024,January,Himachal Pradesh,,,General Index (All Groups),5.34,3.85,5.06,F,
2024,January,Jammu and Kashmir,,,General Index (All Groups),4.86,3.26,4.33,F,
2024,January,Jharkhand,,,General Index (All Groups),5.65,4.13,5.03,F,
2024,January,Karnataka,,,General Index (All Groups),7.22,5.10,6.11,F,
2024,January,Kerala,,,General Index (All Groups),3.85,4.24,4.04,F,
2024,January,Lakshadweep,,,General Index (All Groups),5.88,3.03,4.49,F,
2024,January,Madhya Pradesh,,,General Index (All Groups),3.55,4.57,3.98,F,
2024,January,Maharashtra,,,General Index (All Groups),5.47,5.27,5.36,F,
2024,January,Manipur,,,General Index (All Groups),13.70,8.26,12.08,F,
2024,January,Meghalaya,,,General Index (All Groups),5.75,2.72,4.81,F,
2024,January,Mizoram,,,General Index (All Groups),6.72,1.11,3.41,F,
2024,January,Nagaland,,,General Index (All Groups),2.42,2.82,2.60,F,
2024,January,Odisha,,,General Index (All Groups),7.47,7.76,7.55,F,
2024,January,Puducherry,,,General Index (All Groups),6.54,4.18,4.82,F,
2024,January,Punjab,,,General Index (All Groups),4.94,6.43,5.59,F,
2024,January,Rajasthan,,,General Index (All Groups),5.50,6.63,5.87,F,
2024,January,Sikkim,,,General Index (All Groups),2.81,3.54,3.04,F,
2024,January,Tamil Nadu,,,General Index (All Groups),4.43,3.91,4.12,F,
2024,January,Telangana,,,General Index (All Groups),5.95,6.67,6.34,F,
2024,January,Tripura,,,General Index (All Groups),6.61,3.86,5.90,F,
2024,January,Uttar Pradesh,,,General Index (All Groups),5.34,4.78,5.17,F,
2024,January,Uttarakhand,,,General Index (All Groups),4.33,5.04,4.55,F,
2024,January,West Bengal,,,General Index (All Groups),4.95,3.98,4.47,F,
2024,February,Andaman and Nicobar Islands,,,General Index (All Groups),1.23,2.53,1.88,F,
2024,February,Andhra Pradesh,,,General Index (All Groups),5.95,5.18,5.66,F,
2024,February,Arunachal Pradesh,,,General Index (All Groups),4.62,,,F,
2024,February,Assam,,,General Index (All Groups),6.00,6.30,6.02,F,
2024,February,Bihar,,,General Index (All Groups),4.41,5.56,4.62,F,
2024,February,Chandigarh,,,General Index (All Groups),3.78,4.12,4.11,F,
2024,February,Chhattisgarh,,,General Index (All Groups),4.62,5.24,4.89,F,
2024,February,Dadra and Nagar Haveli,,,General Index (All Groups),5.45,6.35,6.02,F,
2024,February,Daman and Diu,,,General Index (All Groups),4.03,5.19,4.51,F,
2024,February,Delhi,,,General Index (All Groups),2.47,2.36,2.42,F,
2024,February,Goa,,,General Index (All Groups),1.46,3.66,2.76,F,
2024,February,Gujarat,,,General Index (All Groups),5.82,5.08,5.39,F,
2024,February,Haryana,,,General Index (All Groups),7.50,4.80,6.28,F,
2024,February,Himachal Pradesh,,,General Index (All Groups),5.32,3.64,5.04,F,
2024,February,Jammu and Kashmir,,,General Index (All Groups),5.22,3.58,4.64,F,
2024,February,Jharkhand,,,General Index (All Groups),6.75,4.37,5.85,F,
2024,February,Karnataka,,,General Index (All Groups),6.91,4.74,5.74,F,
2024,February,Kerala,,,General Index (All Groups),4.51,4.79,4.59,F,
2024,February,Lakshadweep,,,General Index (All Groups),2.84,0.59,1.74,F,
2024,February,Madhya Pradesh,,,General Index (All Groups),3.37,4.56,3.86,F,
2024,February,Maharashtra,,,General Index (All Groups),4.67,4.70,4.69,F,
2024,February,Manipur,,,General Index (All Groups),12.28,7.41,10.90,F,
2024,February,Meghalaya,,,General Index (All Groups),5.63,2.20,4.51,F,
2024,February,Mizoram,,,General Index (All Groups),6.19,1.11,3.23,F,
2024,February,Nagaland,,,General Index (All Groups),3.72,2.23,3.09,F,
2024,February,Odisha,,,General Index (All Groups),7.66,7.32,7.61,F,
2024,February,Puducherry,,,General Index (All Groups),7.48,5.14,5.72,F,
2024,February,Punjab,,,General Index (All Groups),4.75,5.65,5.15,F,
2024,February,Rajasthan,,,General Index (All Groups),4.84,6.31,5.38,F,
2024,February,Sikkim,,,General Index (All Groups),2.55,3.98,2.99,F,
2024,February,Tamil Nadu,,,General Index (All Groups),5.60,4.36,4.84,F,
2024,February,Telangana,,,General Index (All Groups),6.75,6.64,6.71,F,
2024,February,Tripura,,,General Index (All Groups),5.38,2.91,4.73,F,
2024,February,Uttar Pradesh,,,General Index (All Groups),5.74,4.65,5.34,F,
2024,February,Uttarakhand,,,General Index (All Groups),3.90,4.09,3.95,F,
2024,February,West Bengal,,,General Index (All Groups),4.60,3.98,4.29,F,
2024,March,Andaman and Nicobar Islands,,,General Index (All Groups),-1.98,3.29,0.54,F,
2024,March,Andhra Pradesh,,,General Index (All Groups),5.80,4.46,5.27,F,
2024,March,Arunachal Pradesh,,,General Index (All Groups),4.27,,,F,
2024,March,Assam,,,General Index (All Groups),6.17,5.48,6.08,F,
2024,March,Bihar,,,General Index (All Groups),5.68,5.48,5.65,F,
2024,March,Chandigarh,,,General Index (All Groups),4.11,3.61,3.66,F,
2024,March,Chhattisgarh,,,General Index (All Groups),5.34,4.55,5.07,F,
2024,March,Dadra and Nagar Haveli,,,General Index (All Groups),5.46,6.17,5.94,F,
2024,March,Daman and Diu,,,General Index (All Groups),3.54,4.73,4.00,F,
2024,March,Delhi,,,General Index (All Groups),2.17,2.29,2.29,F,
2024,March,Goa,,,General Index (All Groups),1.17,2.76,2.17,F,
2024,March,Gujarat,,,General Index (All Groups),5.33,4.56,4.94,F,
2024,March,Haryana,,,General Index (All Groups),7.15,4.83,6.06,F,
2024,March,Himachal Pradesh,,,General Index (All Groups),4.44,2.58,4.11,F,
2024,March,Jammu and Kashmir,,,General Index (All Groups),5.18,2.96,4.39,F,
2024,March,Jharkhand,,,General Index (All Groups),6.35,4.01,5.47,F,
2024,March,Karnataka,,,General Index (All Groups),6.72,4.18,5.34,F,
2024,March,Kerala,,,General Index (All Groups),4.82,4.94,4.84,F,
2024,March,Lakshadweep,,,General Index (All Groups),2.41,1.11,1.79,F,
2024,March,Madhya Pradesh,,,General Index (All Groups),5.97,4.52,5.33,F,
2024,March,Maharashtra,,,General Index (All Groups),3.67,3.65,3.66,F,
2024,March,Manipur,,,General Index (All Groups),12.05,6.92,10.57,F,
2024,March,Meghalaya,,,General Index (All Groups),5.45,2.55,4.51,F,
2024,March,Mizoram,,,General Index (All Groups),5.06,1.52,3.01,F,
2024,March,Nagaland,,,General Index (All Groups),4.08,1.88,3.19,F,
2024,March,Odisha,,,General Index (All Groups),7.27,6.46,7.05,F,
2024,March,Puducherry,,,General Index (All Groups),5.62,4.68,4.93,F,
2024,March,Punjab,,,General Index (All Groups),4.49,4.64,4.58,F,
2024,March,Rajasthan,,,General Index (All Groups),5.00,5.64,5.19,F,
2024,March,Sikkim,,,General Index (All Groups),1.82,3.07,2.18,F,
2024,March,Tamil Nadu,,,General Index (All Groups),5.23,3.92,4.46,F,
2024,March,Telangana,,,General Index (All Groups),5.65,5.63,5.65,F,
2024,March,Tripura,,,General Index (All Groups),4.57,2.60,4.09,F,
2024,March,Uttar Pradesh,,,General Index (All Groups),6.30,4.17,5.49,F,
2024,March,Uttarakhand,,,General Index (All Groups),3.82,3.32,3.63,F,
2024,March,West Bengal,,,General Index (All Groups),4.27,3.03,3.68,F,
2024,April,Andaman and Nicobar Islands,,,General Index (All Groups),0.05,2.86,1.40,F,
2024,April,Andhra Pradesh,,,General Index (All Groups),6.23,4.61,5.59,F,
2024,April,Arunachal Pradesh,,,General Index (All Groups),4.70,,,F,
2024,April,Assam,,,General Index (All Groups),5.85,4.97,5.70,F,
2024,April,Bihar,,,General Index (All Groups),5.21,5.33,5.24,F,
2024,April,Chandigarh,,,General Index (All Groups),2.40,3.52,3.44,F,
2024,April,Chhattisgarh,,,General Index (All Groups),6.11,5.13,5.70,F,
2024,April,Dadra and Nagar Haveli,,,General Index (All Groups),4.70,5.05,4.94,F,
2024,April,Daman and Diu,,,General Index (All Groups),3.26,5.36,4.13,F,
2024,April,Delhi,,,General Index (All Groups),2.17,2.17,2.17,F,
2024,April,Goa,,,General Index (All Groups),-1.32,3.41,1.52,F,
2024,April,Gujarat,,,General Index (All Groups),4.59,4.29,4.43,F,
2024,April,Haryana,,,General Index (All Groups),6.67,4.44,5.65,F,
2024,April,Himachal Pradesh,,,General Index (All Groups),4.59,2.91,4.31,F,
2024,April,Jammu and Kashmir,,,General Index (All Groups),4.84,2.55,4.04,F,
2024,April,Jharkhand,,,General Index (All Groups),4.47,3.12,3.97,F,
2024,April,Karnataka,,,General Index (All Groups),6.82,4.31,5.48,F,
2024,April,Kerala,,,General Index (All Groups),5.42,5.05,5.28,F,
2024,April,Lakshadweep,,,General Index (All Groups),3.80,0.57,2.21,F,
2024,April,Madhya Pradesh,,,General Index (All Groups),5.95,4.33,5.31,F,
2024,April,Maharashtra,,,General Index (All Groups),3.83,3.79,3.81,F,
2024,April,Manipur,,,General Index (All Groups),9.47,6.98,8.75,F,
2024,April,Meghalaya,,,General Index (All Groups),4.57,2.54,3.89,F,
2024,April,Mizoram,,,General Index (All Groups),4.62,1.63,2.88,F,
2024,April,Nagaland,,,General Index (All Groups),4.05,1.88,3.12,F,
2024,April,Odisha,,,General Index (All Groups),7.38,6.29,7.11,F,
2024,April,Puducherry,,,General Index (All Groups),4.10,4.09,4.12,F,
2024,April,Punjab,,,General Index (All Groups),4.06,4.01,4.03,F,
2024,April,Rajasthan,,,General Index (All Groups),5.28,5.57,5.36,F,
2024,April,Sikkim,,,General Index (All Groups),1.45,3.00,1.96,F,
2024,April,Tamil Nadu,,,General Index (All Groups),5.70,4.39,4.93,F,
2024,April,Telangana,,,General Index (All Groups),6.11,5.27,5.68,F,
2024,April,Tripura,,,General Index (All Groups),6.47,3.77,5.80,F,
2024,April,Uttar Pradesh,,,General Index (All Groups),6.23,4.32,5.53,F,
2024,April,Uttarakhand,,,General Index (All Groups),3.75,3.29,3.61,F,
2024,April,West Bengal,,,General Index (All Groups),4.04,2.78,3.49,F,
2024,May,Andaman and Nicobar Islands,,,General Index (All Groups),-0.75,2.20,0.63,F,
2024,May,Andhra Pradesh,,,General Index (All Groups),6.44,5.01,5.92,F,
2024,May,Arunachal Pradesh,,,General Index (All Groups),5.06,,,F,
2024,May,Assam,,,General Index (All Groups),5.30,4.80,5.20,F,
2024,May,Bihar,,,General Index (All Groups),5.46,5.12,5.43,F,
2024,May,Chandigarh,,,General Index (All Groups),2.46,3.15,3.14,F,
2024,May,Chhattisgarh,,,General Index (All Groups),5.41,4.87,5.20,F,
2024,May,Dadra and Nagar Haveli,,,General Index (All Groups),4.30,4.14,4.19,F,
2024,May,Daman and Diu,,,General Index (All Groups),3.44,3.70,3.51,F,
2024,May,Delhi,,,General Index (All Groups),1.68,2.05,1.99,F,
2024,May,Goa,,,General Index (All Groups),0.00,2.51,1.51,F,
2024,May,Gujarat,,,General Index (All Groups),4.74,4.16,4.41,F,
2024,May,Haryana,,,General Index (All Groups),6.19,4.54,5.41,F,
2024,May,Himachal Pradesh,,,General Index (All Groups),3.91,2.10,3.58,F,
2024,May,Jammu and Kashmir,,,General Index (All Groups),4.95,2.23,3.99,F,
2024,May,Jharkhand,,,General Index (All Groups),3.93,3.66,3.83,F,
2024,May,Karnataka,,,General Index (All Groups),7.38,5.05,6.11,F,
2024,May,Kerala,,,General Index (All Groups),5.78,4.96,5.47,F,
2024,May,Lakshadweep,,,General Index (All Groups),2.21,2.93,2.56,F,
2024,May,Madhya Pradesh,,,General Index (All Groups),5.59,3.52,4.72,F,
2024,May,Maharashtra,,,General Index (All Groups),3.75,4.25,4.07,F,
2024,May,Manipur,,,General Index (All Groups),2.73,4.92,3.33,F,
2024,May,Meghalaya,,,General Index (All Groups),5.48,2.54,4.49,F,
2024,May,Mizoram,,,General Index (All Groups),4.34,1.85,2.86,F,
2024,May,Nagaland,,,General Index (All Groups),3.44,2.34,2.95,F,
2024,May,Odisha,,,General Index (All Groups),6.60,5.17,6.20,F,
2024,May,Puducherry,,,General Index (All Groups),5.66,4.35,4.65,F,
2024,May,Punjab,,,General Index (All Groups),3.82,4.00,3.90,F,
2024,May,Rajasthan,,,General Index (All Groups),4.94,5.38,5.13,F,
2024,May,Sikkim,,,General Index (All Groups),1.23,3.16,1.84,F,
2024,May,Tamil Nadu,,,General Index (All Groups),6.05,4.90,5.34,F,
2024,May,Telangana,,,General Index (All Groups),5.85,6.07,5.97,F,
2024,May,Tripura,,,General Index (All Groups),5.55,4.45,5.30,F,
2024,May,Uttar Pradesh,,,General Index (All Groups),5.87,3.97,5.18,F,
2024,May,Uttarakhand,,,General Index (All Groups),3.62,2.92,3.37,F,
2024,May,West Bengal,,,General Index (All Groups),4.05,2.59,3.35,F,
2024,June,Andaman and Nicobar Islands,,,General Index (All Groups),1.30,4.52,2.85,F,
2024,June,Andhra Pradesh,,,General Index (All Groups),6.20,5.16,5.81,F,
2024,June,Arunachal Pradesh,,,General Index (All Groups),4.91,,,F,
2024,June,Assam,,,General Index (All Groups),5.88,4.85,5.67,F,
2024,June,Bihar,,,General Index (All Groups),6.48,5.46,6.37,F,
2024,June,Chandigarh,,,General Index (All Groups),2.60,3.78,3.77,F,
2024,June,Chhattisgarh,,,General Index (All Groups),5.69,4.68,5.30,F,
2024,June,Dadra and Nagar Haveli,,,General Index (All Groups),7.72,5.87,6.49,F,
2024,June,Daman and Diu,,,General Index (All Groups),3.82,4.84,4.24,F,
2024,June,Delhi,,,General Index (All Groups),2.10,2.18,2.18,F,
2024,June,Goa,,,General Index (All Groups),-0.29,2.78,1.61,F,
2024,June,Gujarat,,,General Index (All Groups),5.49,4.93,5.18,F,
2024,June,Haryana,,,General Index (All Groups),6.25,4.43,5.41,F,
2024,June,Himachal Pradesh,,,General Index (All Groups),4.19,2.54,3.86,F,
2024,June,Jammu and Kashmir,,,General Index (All Groups),5.43,2.60,4.47,F,
2024,June,Jharkhand,,,General Index (All Groups),5.80,3.90,5.05,F,
2024,June,Karnataka,,,General Index (All Groups),7.46,4.78,6.04,F,
2024,June,Kerala,,,General Index (All Groups),6.29,5.18,5.89,F,
2024,June,Lakshadweep,,,General Index (All Groups),2.00,1.57,1.80,F,
2024,June,Madhya Pradesh,,,General Index (All Groups),5.91,3.66,4.95,F,
2024,June,Maharashtra,,,General Index (All Groups),4.18,4.59,4.47,F,
2024,June,Manipur,,,General Index (All Groups),3.38,5.30,3.91,F,
2024,June,Meghalaya,,,General Index (All Groups),5.20,2.28,4.22,F,
2024,June,Mizoram,,,General Index (All Groups),3.29,2.37,2.74,F,
2024,June,Nagaland,,,General Index (All Groups),3.90,2.73,3.43,F,
2024,June,Odisha,,,General Index (All Groups),7.83,5.59,7.22,F,
2024,June,Puducherry,,,General Index (All Groups),4.94,4.52,4.64,F,
2024,June,Punjab,,,General Index (All Groups),3.68,4.14,3.87,F,
2024,June,Rajasthan,,,General Index (All Groups),5.94,5.72,5.83,F,
2024,June,Sikkim,,,General Index (All Groups),0.76,3.42,1.57,F,
2024,June,Tamil Nadu,,,General Index (All Groups),5.11,4.55,4.75,F,
2024,June,Telangana,,,General Index (All Groups),5.10,5.82,5.49,F,
2024,June,Tripura,,,General Index (All Groups),2.60,4.94,3.19,F,
2024,June,Uttar Pradesh,,,General Index (All Groups),6.03,4.22,5.40,F,
2024,June,Uttarakhand,,,General Index (All Groups),3.30,2.31,2.94,F,
2024,June,West Bengal,,,General Index (All Groups),4.59,3.41,4.03,F,
2024,July,Andaman and Nicobar Islands,,,General Index (All Groups),3.08,4.51,3.79,F,
2024,July,Andhra Pradesh,,,General Index (All Groups),3.38,3.39,3.39,F,
2024,July,Arunachal Pradesh,,,General Index (All Groups),4.64,,,F,
2024,July,Assam,,,General Index (All Groups),5.31,4.47,5.11,F,
2024,July,Bihar,,,General Index (All Groups),6.07,5.28,5.92,F,
2024,July,Chandigarh,,,General Index (All Groups),1.28,2.47,2.41,F,
2024,July,Chhattisgarh,,,General Index (All Groups),2.54,1.62,2.16,F,
2024,July,Dadra and Nagar Haveli,,,General Index (All Groups),5.00,2.87,3.58,F,
2024,July,Daman and Diu,,,General Index (All Groups),2.86,2.00,2.54,F,
2024,July,Delhi,,,General Index (All Groups),2.42,2.00,2.06,F,
2024,July,Goa,,,General Index (All Groups),0.51,2.58,1.77,F,
2024,July,Gujarat,,,General Index (All Groups),3.75,2.71,3.16,F,
2024,July,Haryana,,,General Index (All Groups),5.44,3.63,4.63,F,
2024,July,Himachal Pradesh,,,General Index (All Groups),3.20,1.21,2.84,F,
2024,July,Jammu and Kashmir,,,General Index (All Groups),4.43,1.98,3.60,F,
2024,July,Jharkhand,,,General Index (All Groups),1.63,1.96,1.78,F,
2024,July,Karnataka,,,General Index (All Groups),4.24,2.96,3.56,F,
2024,July,Kerala,,,General Index (All Groups),4.75,4.08,4.51,F,
2024,July,Lakshadweep,,,General Index (All Groups),-0.59,-0.58,-0.56,F,
2024,July,Madhya Pradesh,,,General Index (All Groups),3.72,2.05,3.04,F,
2024,July,Maharashtra,,,General Index (All Groups),2.70,3.63,3.29,F,
2024,July,Manipur,,,General Index (All Groups),2.83,5.06,3.44,F,
2024,July,Meghalaya,,,General Index (All Groups),4.31,2.52,3.72,F,
2024,July,Mizoram,,,General Index (All Groups),3.12,2.94,3.06,F,
2024,July,Nagaland,,,General Index (All Groups),3.44,2.24,2.95,F,
2024,July,Odisha,,,General Index (All Groups),5.48,3.26,4.89,F,
2024,July,Puducherry,,,General Index (All Groups),3.78,3.76,3.78,F,
2024,July,Punjab,,,General Index (All Groups),2.98,3.15,3.03,F,
2024,July,Rajasthan,,,General Index (All Groups),2.85,2.14,2.58,F,
2024,July,Sikkim,,,General Index (All Groups),-0.20,2.98,0.76,F,
2024,July,Tamil Nadu,,,General Index (All Groups),3.25,2.80,3.00,F,
2024,July,Telangana,,,General Index (All Groups),2.21,3.46,2.88,F,
2024,July,Tripura,,,General Index (All Groups),2.98,5.24,3.52,F,
2024,July,Uttar Pradesh,,,General Index (All Groups),5.55,2.73,4.57,F,
2024,July,Uttarakhand,,,General Index (All Groups),3.77,1.65,2.98,F,
2024,July,West Bengal,,,General Index (All Groups),4.00,3.03,3.57,F,
2024,August,Andaman and Nicobar Islands,,,General Index (All Groups),2.49,3.18,2.82,F,
2024,August,Andhra Pradesh,,,General Index (All Groups),3.15,2.76,2.98,F,
2024,August,Arunachal Pradesh,,,General Index (All Groups),4.88,,,F,
2024,August,Assam,,,General Index (All Groups),5.18,4.55,5.03,F,
2024,August,Bihar,,,General Index (All Groups),6.77,5.57,6.62,F,
2024,August,Chandigarh,,,General Index (All Groups),1.38,3.52,3.39,F,
2024,August,Chhattisgarh,,,General Index (All Groups),4.67,2.51,3.79,F,
2024,August,Dadra and Nagar Haveli,,,General Index (All Groups),5.77,2.78,3.72,F,
2024,August,Daman and Diu,,,General Index (All Groups),1.19,3.29,2.07,F,
2024,August,Delhi,,,General Index (All Groups),2.35,2.52,2.52,F,
2024,August,Goa,,,General Index (All Groups),2.62,3.33,3.04,F,
2024,August,Gujarat,,,General Index (All Groups),3.19,3.40,3.33,F,
2024,August,Haryana,,,General Index (All Groups),4.59,3.52,4.12,F,
2024,August,Himachal Pradesh,,,General Index (All Groups),2.96,1.48,2.66,F,
2024,August,Jammu and Kashmir,,,General Index (All Groups),4.24,1.80,3.36,F,
2024,August,Jharkhand,,,General Index (All Groups),2.66,3.21,2.86,F,
2024,August,Karnataka,,,General Index (All Groups),3.50,2.65,2.99,F,
2024,August,Kerala,,,General Index (All Groups),4.13,4.08,4.15,F,
2024,August,Lakshadweep,,,General Index (All Groups),-1.17,0.05,-0.62,F,
2024,August,Madhya Pradesh,,,General Index (All Groups),3.89,2.32,3.21,F,
2024,August,Maharashtra,,,General Index (All Groups),2.60,3.74,3.35,F,
2024,August,Manipur,,,General Index (All Groups),5.52,4.84,5.37,F,
2024,August,Meghalaya,,,General Index (All Groups),3.50,3.03,3.40,F,
2024,August,Mizoram,,,General Index (All Groups),3.15,2.34,2.71,F,
2024,August,Nagaland,,,General Index (All Groups),3.46,2.85,3.20,F,
2024,August,Odisha,,,General Index (All Groups),6.27,4.02,5.63,F,
2024,August,Puducherry,,,General Index (All Groups),3.20,3.60,3.51,F,
2024,August,Punjab,,,General Index (All Groups),3.34,2.38,2.95,F,
2024,August,Rajasthan,,,General Index (All Groups),3.18,2.85,3.07,F,
2024,August,Sikkim,,,General Index (All Groups),0.20,1.67,0.66,F,
2024,August,Tamil Nadu,,,General Index (All Groups),3.64,2.98,3.29,F,
2024,August,Telangana,,,General Index (All Groups),2.14,1.95,2.02,F,
2024,August,Tripura,,,General Index (All Groups),7.02,6.56,6.92,F,
2024,August,Uttar Pradesh,,,General Index (All Groups),5.70,3.32,4.89,F,
2024,August,Uttarakhand,,,General Index (All Groups),2.28,2.39,2.37,F,
2024,August,West Bengal,,,General Index (All Groups),3.95,3.41,3.68,F,
2024,September,Andaman and Nicobar Islands,,,General Index (All Groups),4.12,3.90,3.99,F,
2024,September,Andhra Pradesh,,,General Index (All Groups),4.87,4.58,4.75,F,
2024,September,Arunachal Pradesh,,,General Index (All Groups),5.76,,,F,
2024,September,Assam,,,General Index (All Groups),4.99,4.42,4.90,F,
2024,September,Bihar,,,General Index (All Groups),7.60,7.05,7.50,F,
2024,September,Chandigarh,,,General Index (All Groups),4.12,4.97,4.89,F,
2024,September,Chhattisgarh,,,General Index (All Groups),8.19,6.37,7.53,F,
2024,September,Dadra and Nagar Haveli,,,General Index (All Groups),7.21,6.03,6.41,F,
2024,September,Daman and Diu,,,General Index (All Groups),6.73,5.54,6.26,F,
2024,September,Delhi,,,General Index (All Groups),3.79,3.67,3.67,F,
2024,September,Goa,,,General Index (All Groups),4.14,4.34,4.27,F,
2024,September,Gujarat,,,General Index (All Groups),5.60,6.42,6.05,F,
2024,September,Haryana,,,General Index (All Groups),6.72,5.67,6.25,F,
2024,September,Himachal Pradesh,,,General Index (All Groups),4.67,4.36,4.59,F,
2024,September,Jammu and Kashmir,,,General Index (All Groups),5.79,3.72,5.07,F,
2024,September,Jharkhand,,,General Index (All Groups),4.68,5.89,5.15,F,
2024,September,Karnataka,,,General Index (All Groups),5.39,4.52,4.92,F,
2024,September,Kerala,,,General Index (All Groups),5.92,4.81,5.52,F,
2024,September,Lakshadweep,,,General Index (All Groups),1.30,0.78,1.06,F,
2024,September,Madhya Pradesh,,,General Index (All Groups),6.59,5.06,5.99,F,
2024,September,Maharashtra,,,General Index (All Groups),4.67,5.17,5.04,F,
2024,September,Manipur,,,General Index (All Groups),7.77,6.16,7.29,F,
2024,September,Meghalaya,,,General Index (All Groups),3.43,3.21,3.34,F,
2024,September,Mizoram,,,General Index (All Groups),2.80,3.43,3.14,F,
2024,September,Nagaland,,,General Index (All Groups),3.84,3.86,3.86,F,
2024,September,Odisha,,,General Index (All Groups),7.19,5.23,6.67,F,
2024,September,Puducherry,,,General Index (All Groups),5.29,5.51,5.45,F,
2024,September,Punjab,,,General Index (All Groups),4.92,5.69,5.25,F,
2024,September,Rajasthan,,,General Index (All Groups),5.41,5.21,5.31,F,
2024,September,Sikkim,,,General Index (All Groups),3.46,2.87,3.27,F,
2024,September,Tamil Nadu,,,General Index (All Groups),5.49,4.99,5.19,F,
2024,September,Telangana,,,General Index (All Groups),4.48,4.36,4.40,F,
2024,September,Tripura,,,General Index (All Groups),5.65,7.08,6.01,F,
2024,September,Uttar Pradesh,,,General Index (All Groups),7.50,5.28,6.74,F,
2024,September,Uttarakhand,,,General Index (All Groups),4.25,5.33,4.67,F,
2024,September,West Bengal,,,General Index (All Groups),4.15,4.39,4.27,F,
2024,October,Andaman and Nicobar Islands,,,General Index (All Groups),3.08,1.74,2.43,F,
2024,October,Andhra Pradesh,,,General Index (All Groups),6.45,5.62,6.11,F,
2024,October,Arunachal Pradesh,,,General Index (All Groups),4.83,,,F,
2024,October,Assam,,,General Index (All Groups),5.96,5.46,5.88,F,
2024,October,Bihar,,,General Index (All Groups),7.87,7.78,7.83,F,
2024,October,Chandigarh,,,General Index (All Groups),5.78,6.23,6.20,F,
2024,October,Chhattisgarh,,,General Index (All Groups),9.70,7.48,8.84,F,
2024,October,Dadra and Nagar Haveli,,,General Index (All Groups),7.57,5.75,6.30,F,
2024,October,Daman and Diu,,,General Index (All Groups),8.25,5.93,7.28,F,
2024,October,Delhi,,,General Index (All Groups),4.31,4.01,4.01,F,
2024,October,Goa,,,General Index (All Groups),5.67,4.14,4.73,F,
2024,October,Gujarat,,,General Index (All Groups),5.89,6.71,6.39,F,
2024,October,Haryana,,,General Index (All Groups),7.42,5.92,6.76,F,
2024,October,Himachal Pradesh,,,General Index (All Groups),5.99,5.25,5.84,F,
2024,October,Jammu and Kashmir,,,General Index (All Groups),6.28,4.22,5.50,F,
2024,October,Jharkhand,,,General Index (All Groups),5.05,6.32,5.53,F,
2024,October,Karnataka,,,General Index (All Groups),6.50,5.49,5.96,F,
2024,October,Kerala,,,General Index (All Groups),6.98,5.42,6.47,F,
2024,October,Lakshadweep,,,General Index (All Groups),3.57,2.93,3.24,F,
2024,October,Madhya Pradesh,,,General Index (All Groups),8.07,5.61,7.03,F,
2024,October,Maharashtra,,,General Index (All Groups),5.23,5.46,5.38,F,
2024,October,Manipur,,,General Index (All Groups),10.53,7.51,9.69,F,
2024,October,Meghalaya,,,General Index (All Groups),4.24,4.50,4.31,F,
2024,October,Mizoram,,,General Index (All Groups),3.59,4.51,4.11,F,
2024,October,Nagaland,,,General Index (All Groups),5.29,4.03,4.79,F,
2024,October,Odisha,,,General Index (All Groups),8.23,5.58,7.51,F,
2024,October,Puducherry,,,General Index (All Groups),8.32,5.86,6.50,F,
2024,October,Punjab,,,General Index (All Groups),5.75,5.69,5.74,F,
2024,October,Rajasthan,,,General Index (All Groups),6.19,5.58,5.99,F,
2024,October,Sikkim,,,General Index (All Groups),4.31,3.08,3.88,F,
2024,October,Tamil Nadu,,,General Index (All Groups),6.40,6.23,6.32,F,
2024,October,Telangana,,,General Index (All Groups),5.66,5.32,5.50,F,
2024,October,Tripura,,,General Index (All Groups),4.63,8.28,5.57,F,
2024,October,Uttar Pradesh,,,General Index (All Groups),8.22,5.80,7.36,F,
2024,October,Uttarakhand,,,General Index (All Groups),5.94,6.79,6.28,F,
2024,October,West Bengal,,,General Index (All Groups),4.77,4.49,4.63,F,
2024,November,Andaman and Nicobar Islands,,,General Index (All Groups),2.87,0.96,1.92,F,
2024,November,Andhra Pradesh,,,General Index (All Groups),5.19,4.70,5.02,F,
2024,November,Arunachal Pradesh,,,General Index (All Groups),6.47,,,F,
2024,November,Assam,,,General Index (All Groups),5.16,5.22,5.17,F,
2024,November,Bihar,,,General Index (All Groups),7.47,7.87,7.55,F,
2024,November,Chandigarh,,,General Index (All Groups),6.67,5.70,5.73,F,
2024,November,Chhattisgarh,,,General Index (All Groups),9.54,6.35,8.34,F,
2024,November,Dadra and Nagar Haveli,,,General Index (All Groups),7.30,4.95,5.71,F,
2024,November,Daman and Diu,,,General Index (All Groups),8.24,5.81,7.25,F,
2024,November,Delhi,,,General Index (All Groups),3.88,2.59,2.65,F,
2024,November,Goa,,,General Index (All Groups),5.29,4.07,4.60,F,
2024,November,Gujarat,,,General Index (All Groups),5.48,5.96,5.70,F,
2024,November,Haryana,,,General Index (All Groups),6.02,4.49,5.32,F,
2024,November,Himachal Pradesh,,,General Index (All Groups),5.21,5.02,5.13,F,
2024,November,Jammu and Kashmir,,,General Index (All Groups),6.09,3.67,5.21,F,
2024,November,Jharkhand,,,General Index (All Groups),5.04,5.88,5.41,F,
2024,November,Karnataka,,,General Index (All Groups),5.37,4.84,5.07,F,
2024,November,Kerala,,,General Index (All Groups),7.05,5.02,6.32,F,
2024,November,Lakshadweep,,,General Index (All Groups),2.52,6.63,4.53,F,
2024,November,Madhya Pradesh,,,General Index (All Groups),6.85,4.81,6.05,F,
2024,November,Maharashtra,,,General Index (All Groups),4.49,5.06,4.86,F,
2024,November,Manipur,,,General Index (All Groups),11.26,7.32,10.12,F,
2024,November,Meghalaya,,,General Index (All Groups),4.37,4.58,4.44,F,
2024,November,Mizoram,,,General Index (All Groups),2.87,4.87,4.05,F,
2024,November,Nagaland,,,General Index (All Groups),5.26,4.53,4.99,F,
2024,November,Odisha,,,General Index (All Groups),7.44,5.08,6.78,F,
2024,November,Puducherry,,,General Index (All Groups),7.34,5.39,5.86,F,
2024,November,Punjab,,,General Index (All Groups),5.05,4.27,4.68,F,
2024,November,Rajasthan,,,General Index (All Groups),4.90,4.57,4.75,F,
2024,November,Sikkim,,,General Index (All Groups),4.10,3.47,3.88,F,
2024,November,Tamil Nadu,,,General Index (All Groups),5.13,4.86,5.00,F,
2024,November,Telangana,,,General Index (All Groups),4.88,3.89,4.35,F,
2024,November,Tripura,,,General Index (All Groups),5.18,6.89,5.58,F,
2024,November,Uttar Pradesh,,,General Index (All Groups),7.23,5.19,6.50,F,
2024,November,Uttarakhand,,,General Index (All Groups),5.06,5.91,5.34,F,
2024,November,West Bengal,,,General Index (All Groups),5.33,4.61,5.02,F,
2024,December,Andaman and Nicobar Islands,,,General Index (All Groups),3.15,3.45,3.27,F,
2024,December,Andhra Pradesh,,,General Index (All Groups),4.50,4.02,4.34,F,
2024,December,Arunachal Pradesh,,,General Index (All Groups),5.23,,,F,
2024,December,Assam,,,General Index (All Groups),5.54,5.30,5.50,F,
2024,December,Bihar,,,General Index (All Groups),7.29,7.52,7.36,F,
2024,December,Chandigarh,,,General Index (All Groups),7.11,6.09,6.12,F,
2024,December,Chhattisgarh,,,General Index (All Groups),8.61,5.93,7.57,F,
2024,December,Dadra and Nagar Haveli,,,General Index (All Groups),6.55,5.13,5.61,F,
2024,December,Daman and Diu,,,General Index (All Groups),8.14,5.49,7.03,F,
2024,December,Delhi,,,General Index (All Groups),3.88,2.39,2.51,F,
2024,December,Goa,,,General Index (All Groups),4.56,4.24,4.40,F,
2024,December,Gujarat,,,General Index (All Groups),4.94,4.88,4.93,F,
2024,December,Haryana,,,General Index (All Groups),6.94,4.96,6.02,F,
2024,December,Himachal Pradesh,,,General Index (All Groups),4.99,4.99,4.97,F,
2024,December,Jammu and Kashmir,,,General Index (All Groups),6.08,4.23,5.44,F,
2024,December,Jharkhand,,,General Index (All Groups),4.19,4.99,4.51,F,
2024,December,Karnataka,,,General Index (All Groups),5.26,5.02,5.14,F,
2024,December,Kerala,,,General Index (All Groups),7.02,5.29,6.41,F,
2024,December,Lakshadweep,,,General Index (All Groups),2.99,7.61,5.23,F,
2024,December,Madhya Pradesh,,,General Index (All Groups),6.56,4.48,5.71,F,
2024,December,Maharashtra,,,General Index (All Groups),3.86,4.38,4.20,F,
2024,December,Manipur,,,General Index (All Groups),10.68,6.22,9.40,F,
2024,December,Meghalaya,,,General Index (All Groups),4.12,5.94,4.66,F,
2024,December,Mizoram,,,General Index (All Groups),2.37,5.35,4.11,F,
2024,December,Nagaland,,,General Index (All Groups),5.91,4.92,5.48,F,
2024,December,Odisha,,,General Index (All Groups),7.79,4.75,6.96,F,
2024,December,Puducherry,,,General Index (All Groups),7.17,5.11,5.64,F,
2024,December,Punjab,,,General Index (All Groups),5.75,4.24,5.06,F,
2024,December,Rajasthan,,,General Index (All Groups),4.65,4.08,4.44,F,
2024,December,Sikkim,,,General Index (All Groups),4.10,2.59,3.61,F,
2024,December,Tamil Nadu,,,General Index (All Groups),5.64,4.91,5.20,F,
2024,December,Telangana,,,General Index (All Groups),3.13,3.20,3.14,F,
2024,December,Tripura,,,General Index (All Groups),4.94,5.65,5.10,F,
2024,December,Uttar Pradesh,,,General Index (All Groups),6.84,5.21,6.26,F,
2024,December,Uttarakhand,,,General Index (All Groups),5.82,6.41,6.05,F,
2024,December,West Bengal,,,General Index (All Groups),5.43,4.05,4.80,F,
2025,January,Andaman and Nicobar Islands,,,General Index (All Groups),2.37,6.03,4.11,F,
2025,January,Andhra Pradesh,,,General Index (All Groups),4.08,4.07,4.08,F,
2025,January,Arunachal Pradesh,,,General Index (All Groups),4.22,,,F,
2025,January,Assam,,,General Index (All Groups),4.60,4.56,4.61,F,
2025,January,Bihar,,,General Index (All Groups),4.86,5.90,5.06,F,
2025,January,Chandigarh,,,General Index (All Groups),6.19,5.10,5.14,F,
2025,January,Chhattisgarh,,,General Index (All Groups),6.79,4.22,5.79,F,
2025,January,Dadra and Nagar Haveli,,,General Index (All Groups),5.50,4.25,4.66,F,
2025,January,Daman and Diu,,,General Index (All Groups),6.74,4.76,5.92,F,
2025,January,Delhi,,,General Index (All Groups),3.12,1.96,2.02,F,
2025,January,Goa,,,General Index (All Groups),4.93,4.40,4.64,F,
2025,January,Gujarat,,,General Index (All Groups),3.70,3.87,3.82,F,
2025,January,Haryana,,,General Index (All Groups),5.56,4.64,5.10,F,
2025,January,Himachal Pradesh,,,General Index (All Groups),4.21,3.98,4.19,F,
2025,January,Jammu and Kashmir,,,General Index (All Groups),5.40,3.94,4.87,F,
2025,January,Jharkhand,,,General Index (All Groups),1.85,3.75,2.56,F,
2025,January,Karnataka,,,General Index (All Groups),5.16,4.90,5.03,F,
2025,January,Kerala,,,General Index (All Groups),7.31,5.81,6.76,F,
2025,January,Lakshadweep,,,General Index (All Groups),1.49,7.04,4.19,F,
2025,January,Madhya Pradesh,,,General Index (All Groups),5.17,3.41,4.42,F,
2025,January,Maharashtra,,,General Index (All Groups),2.59,3.84,3.39,F,
2025,January,Manipur,,,General Index (All Groups),8.39,4.89,7.41,F,
2025,January,Meghalaya,,,General Index (All Groups),2.89,5.76,3.79,F,
2025,January,Mizoram,,,General Index (All Groups),2.02,5.02,3.73,F,
2025,January,Nagaland,,,General Index (All Groups),5.40,4.59,5.06,F,
2025,January,Odisha,,,General Index (All Groups),6.31,4.01,5.68,F,
2025,January,Puducherry,,,General Index (All Groups),5.58,5.07,5.17,F,
2025,January,Punjab,,,General Index (All Groups),4.87,3.57,4.28,F,
2025,January,Rajasthan,,,General Index (All Groups),4.18,3.22,3.86,F,
2025,January,Sikkim,,,General Index (All Groups),3.14,2.77,3.00,F,
2025,January,Tamil Nadu,,,General Index (All Groups),5.43,4.76,4.99,F,
2025,January,Telangana,,,General Index (All Groups),2.34,2.15,2.22,F,
2025,January,Tripura,,,General Index (All Groups),2.44,3.57,2.71,F,
2025,January,Uttar Pradesh,,,General Index (All Groups),5.07,3.74,4.59,F,
2025,January,Uttarakhand,,,General Index (All Groups),4.37,5.67,4.90,F,
2025,January,West Bengal,,,General Index (All Groups),3.77,2.93,3.38,F,
